-0.000000
-0.568242
-0.850471
-0.880501
-0.804337
-0.709880
-0.628944
-0.568670
-0.528417
-0.506084
-0.353693
-0.364954
-0.395122
-0.446448
-0.521831
-0.622213
-0.738257
-0.828555
-0.783315
-0.444217
0.157902
0.669234
0.875612
0.866694
0.780518
0.687861
0.611903
0.556811
0.521230
0.503096
0.501113
0.515130
0.546173
0.596188
0.666967
0.756520
0.848464
0.887261
0.749338
0.308982
-0.308982
-0.749338
-0.887261
-0.848464
-0.756520
-0.666967
-0.596188
-0.546173
-0.515130
-0.501113
-0.503096
-0.521230
-0.556811
-0.611903
-0.687861
-0.780518
-0.866694
-0.875612
-0.669234
-0.157902
0.444217
0.783315
0.828555
0.738257
0.622213
0.521831
0.446448
0.395122
0.364954
0.353693
0.360426
0.385704
0.431472
0.500598
0.594970
0.709173
0.812916
0.816422
0.561577
0.000000
