1.000000
0.885536
0.645623
0.425723
0.272190
0.173976
0.111397
0.069963
0.040612
0.017724
0.000426
0.003186
0.002607
-0.005484
-0.027988
-0.077037
-0.173473
-0.347481
-0.617353
-0.907408
-0.992144
-0.830325
-0.585285
-0.381101
-0.243264
-0.155666
-0.099488
-0.061756
-0.034453
-0.012546
0.007482
0.028625
0.054187
0.088707
0.139286
0.217472
0.340795
0.528070
0.770177
0.969179
0.969179
0.770177
0.528070
0.340795
0.217472
0.139286
0.088707
0.054187
0.028625
0.007482
-0.012546
-0.034453
-0.061756
-0.099488
-0.155666
-0.243264
-0.381101
-0.585285
-0.830325
-0.992144
-0.907408
-0.617353
-0.347481
-0.173473
-0.077037
-0.027988
-0.005484
0.002607
0.003186
0.000426
-0.002681
-0.003261
0.002446
0.020468
0.061328
0.143375
0.295014
0.542231
0.843987
1.000000
