-6.283185
-6.124117
-5.965049
-5.805981
-5.646913
-5.487845
-5.328777
-5.169709
-5.010641
-4.851573
-4.692505
-4.533438
-4.374370
-4.215302
-4.056234
-3.897166
-3.738098
-3.579030
-3.419962
-3.260894
-3.101826
-2.942758
-2.783690
-2.624622
-2.465554
-2.306486
-2.147418
-1.988350
-1.829282
-1.670214
-1.511146
-1.352078
-1.193010
-1.033942
-0.874874
-0.715806
-0.556738
-0.397670
-0.238602
-0.079534
0.079534
0.238602
0.397670
0.556738
0.715806
0.874874
1.033942
1.193010
1.352078
1.511146
1.670214
1.829282
1.988350
2.147418
2.306486
2.465554
2.624622
2.783690
2.942758
3.101826
3.260894
3.419962
3.579030
3.738098
3.897166
4.056234
4.215302
4.374370
4.533438
4.692505
4.851573
5.010641
5.169709
5.328777
5.487845
5.646913
5.805981
5.965049
6.124117
6.283185
