0.110066
0.145038
0.104797
0.025772
-0.063514
-0.150314
-0.231138
-0.306280
-0.377289
-0.446058
-0.585276
-0.634815
-0.687338
-0.745488
-0.812864
-0.894748
-0.999121
-1.137218
-1.318336
-1.519366
-1.639087
-1.652658
-1.599185
-1.515604
-1.426232
-1.340814
-1.261513
-1.187571
-1.117305
-1.048787
-0.980000
-0.908771
-0.832625
-0.748567
-0.652876
-0.541045
-0.408492
-0.253681
-0.086558
0.059914
0.138622
0.132169
0.067937
-0.018690
-0.107579
-0.191502
-0.269336
-0.342186
-0.411831
-0.480223
-0.549408
-0.621617
-0.699436
-0.786020
-0.885299
-1.001917
-1.140142
-1.299692
-1.465766
-1.599425
-1.632889
-1.540594
-1.419244
-1.312711
-1.225758
-1.154003
-1.092712
-1.038193
-0.987648
-0.938821
-0.889679
-0.838124
-0.781671
-0.717016
-0.639382
-0.541566
-0.413067
-0.242745
-0.040366
0.110066
