0.345333
0.297523
0.180463
0.040480
-0.094168
-0.214539
-0.320762
-0.415736
-0.502740
-0.584793
-0.664612
-0.746566
-0.840610
-0.959992
-1.120509
-1.329028
-1.543276
-1.666094
-1.681099
-1.661410
-1.651516
-1.582183
-1.455427
-1.315056
-1.183652
-1.067007
-0.963904
-0.871224
-0.785727
-0.704478
-0.624820
-0.544210
-0.460037
-0.369447
-0.269262
-0.156243
-0.028394
0.111001
0.244573
0.332865
0.332865
0.244573
0.111001
-0.028394
-0.156243
-0.269262
-0.369447
-0.460037
-0.544210
-0.624820
-0.704478
-0.785727
-0.871224
-0.963904
-1.067007
-1.183652
-1.315056
-1.455427
-1.582183
-1.651516
-1.661410
-1.681099
-1.666094
-1.543276
-1.329028
-1.120509
-0.959992
-0.840610
-0.746566
-0.664612
-0.583941
-0.494036
-0.382417
-0.233598
-0.035988
0.185188
0.338091
0.374238
0.356780
0.345333
