-0.277254
-0.242282
-0.282522
-0.361548
-0.450834
-0.537633
-0.618458
-0.693600
-0.764609
-0.833378
-0.901902
-0.972303
-1.046964
-1.128726
-1.221114
-1.328458
-1.455475
-1.604997
-1.771092
-1.927157
-2.026407
-2.039977
-1.986504
-1.902924
-1.813552
-1.728133
-1.648832
-1.574890
-1.504624
-1.436107
-1.367319
-1.296091
-1.219944
-1.135887
-1.040196
-0.928365
-0.795811
-0.641001
-0.473878
-0.327405
-0.237403
-0.155656
-0.068508
0.014585
0.024178
-0.149358
-0.418870
-0.633298
-0.773686
-0.866067
-0.936727
-1.008937
-1.086755
-1.173340
-1.272618
-1.389236
-1.527462
-1.687011
-1.853085
-1.986744
-2.069240
-2.152128
-2.240362
-2.315328
-2.286014
-2.070770
-1.806403
-1.612129
-1.486309
-1.402031
-1.332156
-1.258805
-1.179118
-1.089761
-0.986601
-0.864911
-0.720982
-0.557549
-0.395035
-0.277254
