0.499969
0.343776
0.179354
0.036264
-0.078382
-0.168784
-0.241239
-0.301036
-0.352053
-0.397048
-0.309725
-0.337504
-0.365544
-0.394924
-0.426798
-0.462378
-0.502523
-0.545806
-0.581360
-0.571868
-0.464106
-0.301935
-0.141042
-0.005065
0.102945
0.188287
0.257140
0.314428
0.363717
0.407539
0.447713
0.485561
0.522016
0.557606
0.592233
0.624575
0.650684
0.661333
0.639013
0.561899
0.425572
0.260166
0.104274
-0.024472
-0.126212
-0.206890
-0.272447
-0.327448
-0.375165
-0.417927
-0.457411
-0.494838
-0.531046
-0.566438
-0.600688
-0.631991
-0.655385
-0.659779
-0.625642
-0.532804
-0.375241
-0.196399
-0.057322
0.040632
0.110948
0.164072
0.206485
0.242154
0.273620
0.302633
0.330515
0.358390
0.387331
0.418468
0.453012
0.491999
0.534938
0.574531
0.581806
0.499969
