0.499742
0.343549
0.179127
0.036037
-0.078610
-0.169011
-0.241466
-0.301263
-0.352280
-0.397275
-0.438220
-0.476548
-0.513285
-0.549069
-0.583997
-0.617143
-0.645411
-0.661212
-0.649228
-0.587430
-0.464333
-0.302162
-0.141269
-0.005293
0.102718
0.188060
0.256912
0.314201
0.363490
0.407312
0.447486
0.485334
0.521789
0.557378
0.592006
0.624347
0.650457
0.661106
0.638786
0.561672
0.430718
0.289088
0.135807
-0.038642
-0.227456
-0.364504
-0.405789
-0.403804
-0.403151
-0.420390
-0.457639
-0.495065
-0.531274
-0.566665
-0.600915
-0.632218
-0.655612
-0.660006
-0.625869
-0.533031
-0.396447
-0.252739
-0.095019
0.085344
0.269687
0.382122
0.406407
0.402062
0.404900
0.428016
0.466634
0.503692
0.539679
0.574855
0.608624
0.638593
0.658594
0.655487
0.608126
0.499742
