0.377954
0.225200
0.102927
0.018520
-0.036124
-0.071014
-0.093350
-0.107564
-0.116242
-0.120824
-0.122145
-0.130092
-0.151028
-0.184829
-0.227065
-0.257335
-0.225428
-0.095043
0.084611
0.257275
0.417616
0.564846
0.677446
0.753416
0.802269
0.833469
0.853446
0.866089
0.873641
0.877333
0.877731
0.874894
0.868392
0.857185
0.839328
0.811420
0.767755
0.699572
0.596681
0.456662
0.299245
0.159227
0.056336
-0.011848
-0.055513
-0.083420
-0.101277
-0.112485
-0.118987
-0.121823
-0.121426
-0.117733
-0.110181
-0.097539
-0.077561
-0.046362
0.002492
0.078461
0.191062
0.338291
0.498632
0.671297
0.850951
0.981335
1.013243
0.982973
0.940736
0.906936
0.886000
0.878053
0.882812
0.900465
0.931178
0.972289
1.009058
0.998410
0.891271
0.716795
0.540213
0.377954
