  -6.2831853e+00  -1.0000000e+02  -2.2568118e-03  -1.6652957e-01   7.6719869e-02  -1.6855632e-01   7.4781782e-02  -1.6647719e-01  -1.7798067e-03  -1.6822311e-01
  -6.2203535e+00  -9.9000000e+01  -7.0801455e-04  -1.6906459e-01   7.2238004e-02  -1.6825307e-01   7.0336610e-02  -1.6608238e-01  -1.7984405e-04  -1.7080289e-01
  -6.1575216e+00  -9.8000000e+01   1.4752215e-03  -1.7188976e-01   6.7614620e-02  -1.6812039e-01   6.5774777e-02  -1.6584914e-01   2.0248915e-03  -1.7369649e-01
  -6.0946897e+00  -9.7000000e+01   4.0520188e-03  -1.7482148e-01   6.3017311e-02  -1.6809818e-01   6.1252378e-02  -1.6571676e-01   4.5944353e-03  -1.7670596e-01
  -6.0318579e+00  -9.6000000e+01   6.8393089e-03  -1.7771718e-01   5.8526892e-02  -1.6814311e-01   5.6835940e-02  -1.6563612e-01   7.3483799e-03  -1.7967220e-01
  -5.9690260e+00  -9.5000000e+01   9.8695663e-03  -1.8043576e-01   5.4033884e-02  -1.6817184e-01   5.2496122e-02  -1.6564020e-01   1.0362164e-02  -1.8254118e-01
  -5.9061942e+00  -9.4000000e+01   1.3130940e-02  -1.8278476e-01   4.9528015e-02  -1.6808620e-01   4.8306409e-02  -1.6577863e-01   1.3678166e-02  -1.8521649e-01
  -5.8433623e+00  -9.3000000e+01   1.6607953e-02  -1.8465112e-01   4.5060152e-02  -1.6792633e-01   4.4201134e-02  -1.6597859e-01   1.7265604e-02  -1.8746349e-01
  -5.7805305e+00  -9.2000000e+01   2.0139239e-02  -1.8590517e-01   4.0616392e-02  -1.6767267e-01   4.0143306e-02  -1.6621794e-01   2.0974388e-02  -1.8913075e-01
  -5.7176986e+00  -9.1000000e+01   2.3392897e-02  -1.8647440e-01   3.6321472e-02  -1.6731649e-01   3.6257963e-02  -1.6650756e-01   2.4477786e-02  -1.9015215e-01
  -5.6548668e+00  -9.0000000e+01   2.6327713e-02  -1.8649934e-01   3.2301129e-02  -1.6696291e-01   3.2556621e-02  -1.6676554e-01   2.7675218e-02  -1.9054262e-01
  -5.5920349e+00  -8.9000000e+01   2.9146818e-02  -1.8624434e-01   2.8571696e-02  -1.6667796e-01   2.9003581e-02  -1.6692603e-01   3.0721358e-02  -1.9050190e-01
  -5.5292031e+00  -8.8000000e+01   3.1921846e-02  -1.8583204e-01   2.5077402e-02  -1.6642871e-01   2.5595748e-02  -1.6700650e-01   3.3695652e-02  -1.9020719e-01
  -5.4663712e+00  -8.7000000e+01   3.4672903e-02  -1.8534163e-01   2.1788298e-02  -1.6619975e-01   2.2330994e-02  -1.6701434e-01   3.6619440e-02  -1.8976495e-01
  -5.4035394e+00  -8.6000000e+01   3.7435985e-02  -1.8483999e-01   1.8683493e-02  -1.6598014e-01   1.9207868e-02  -1.6695366e-01   3.9529284e-02  -1.8926093e-01
  -5.3407075e+00  -8.5000000e+01   4.0227627e-02  -1.8436817e-01   1.5748630e-02  -1.6576583e-01   1.6224901e-02  -1.6682995e-01   4.2441592e-02  -1.8874841e-01
  -5.2778757e+00  -8.4000000e+01   4.3040883e-02  -1.8393614e-01   1.2971304e-02  -1.6555850e-01   1.3379078e-02  -1.6665433e-01   4.5350305e-02  -1.8824651e-01
  -5.2150438e+00  -8.3000000e+01   4.5867947e-02  -1.8353950e-01   1.0338521e-02  -1.6535192e-01   1.0665765e-02  -1.6643333e-01   4.8251555e-02  -1.8776006e-01
  -5.1522120e+00  -8.2000000e+01   4.8706955e-02  -1.8317113e-01   7.8405557e-03  -1.6513786e-01   8.0808770e-03  -1.6616877e-01   5.1147575e-02  -1.8728836e-01
  -5.0893801e+00  -8.1000000e+01   5.1553729e-02  -1.8282194e-01   5.4682375e-03  -1.6491214e-01   5.6186022e-03  -1.6586326e-01   5.4037123e-02  -1.8682625e-01
  -5.0265482e+00  -8.0000000e+01   5.4404507e-02  -1.8247908e-01   3.2173020e-03  -1.6468223e-01   3.2775086e-03  -1.6553057e-01   5.6918363e-02  -1.8636468e-01
  -4.9637164e+00  -7.9000000e+01   5.7257394e-02  -1.8213439e-01   1.0785928e-03  -1.6445108e-01   1.0491772e-03  -1.6517569e-01   5.9790263e-02  -1.8589638e-01
  -4.9008845e+00  -7.8000000e+01   6.0109198e-02  -1.8178792e-01  -9.5568183e-04  -1.6421537e-01  -1.0736053e-03  -1.6479646e-01   6.2650342e-02  -1.8542204e-01
  -4.8380527e+00  -7.7000000e+01   6.2956092e-02  -1.8144339e-01  -2.8918271e-03  -1.6397235e-01  -3.0952286e-03  -1.6439434e-01   6.5496132e-02  -1.8494820e-01
  -4.7752208e+00  -7.6000000e+01   6.5795340e-02  -1.8110001e-01  -4.7335966e-03  -1.6374993e-01  -5.0175948e-03  -1.6399953e-01   6.8322705e-02  -1.8447734e-01
  -4.7123890e+00  -7.5000000e+01   6.8622953e-02  -1.8075654e-01  -6.4882650e-03  -1.6356904e-01  -6.8465457e-03  -1.6363548e-01   7.1124711e-02  -1.8401110e-01
  -4.6495571e+00  -7.4000000e+01   7.1435693e-02  -1.8041613e-01  -8.1624248e-03  -1.6341567e-01  -8.5876276e-03  -1.6329291e-01   7.3901976e-02  -1.8355475e-01
  -4.5867253e+00  -7.3000000e+01   7.4229837e-02  -1.8007835e-01  -9.7618696e-03  -1.6328040e-01  -1.0245836e-02  -1.6296715e-01   7.6653646e-02  -1.8310975e-01
  -4.5238934e+00  -7.2000000e+01   7.7001722e-02  -1.7973798e-01  -1.1286089e-02  -1.6316820e-01  -1.1820129e-02  -1.6266704e-01   7.9377625e-02  -1.8267269e-01
  -4.4610616e+00  -7.1000000e+01   7.9748163e-02  -1.7940140e-01  -1.2740998e-02  -1.6308466e-01  -1.3316030e-02  -1.6239931e-01   8.2070371e-02  -1.8225127e-01
  -4.3982297e+00  -7.0000000e+01   8.2466227e-02  -1.7907078e-01  -1.4133964e-02  -1.6302904e-01  -1.4740890e-02  -1.6216484e-01   8.4729648e-02  -1.8184838e-01
  -4.3353979e+00  -6.9000000e+01   8.5153513e-02  -1.7873937e-01  -1.5475331e-02  -1.6296946e-01  -1.6105914e-02  -1.6193622e-01   8.7358567e-02  -1.8145633e-01
  -4.2725660e+00  -6.8000000e+01   8.7790013e-02  -1.7840259e-01  -1.6732851e-02  -1.6296521e-01  -1.7375573e-02  -1.6178217e-01   8.9936015e-02  -1.8107851e-01
  -4.2097342e+00  -6.7000000e+01   9.0369642e-02  -1.7806794e-01  -1.7892473e-02  -1.6312263e-01  -1.8532462e-02  -1.6180978e-01   9.2445537e-02  -1.8073088e-01
  -4.1469023e+00  -6.6000000e+01   9.2907380e-02  -1.7775039e-01  -1.9001997e-02  -1.6340915e-01  -1.9624307e-02  -1.6198801e-01   9.4904040e-02  -1.8042857e-01
  -4.0840704e+00  -6.5000000e+01   9.5397370e-02  -1.7744745e-01  -2.0100198e-02  -1.6373588e-01  -2.0685541e-02  -1.6225941e-01   9.7325607e-02  -1.8017790e-01
  -4.0212386e+00  -6.4000000e+01   9.7832241e-02  -1.7716285e-01  -2.1151952e-02  -1.6413040e-01  -2.1687090e-02  -1.6262930e-01   9.9693660e-02  -1.7997212e-01
  -3.9584067e+00  -6.3000000e+01   1.0019451e-01  -1.7689945e-01  -2.2138446e-02  -1.6461101e-01  -2.2610280e-02  -1.6311700e-01   1.0199017e-01  -1.7981490e-01
  -3.8955749e+00  -6.2000000e+01   1.0248742e-01  -1.7665349e-01  -2.3066012e-02  -1.6518539e-01  -2.3467144e-02  -1.6370829e-01   1.0420983e-01  -1.7969141e-01
  -3.8327430e+00  -6.1000000e+01   1.0474607e-01  -1.7645048e-01  -2.4016622e-02  -1.6576694e-01  -2.4348046e-02  -1.6428131e-01   1.0637845e-01  -1.7960704e-01
  -3.7699112e+00  -6.0000000e+01   1.0698132e-01  -1.7627216e-01  -2.4967383e-02  -1.6636823e-01  -2.5222265e-02  -1.6488395e-01   1.0852084e-01  -1.7956057e-01
  -3.7070793e+00  -5.9000000e+01   1.0896818e-01  -1.7601895e-01  -2.5636573e-02  -1.6720052e-01  -2.5819230e-02  -1.6571142e-01   1.1040431e-01  -1.7944004e-01
  -3.6442475e+00  -5.8000000e+01   1.1055225e-01  -1.7565969e-01  -2.5910664e-02  -1.6832203e-01  -2.6032756e-02  -1.6681379e-01   1.1187420e-01  -1.7920362e-01
  -3.5814156e+00  -5.7000000e+01   1.1181196e-01  -1.7526281e-01  -2.6008720e-02  -1.6954968e-01  -2.6075427e-02  -1.6803052e-01   1.1302232e-01  -1.7892654e-01
  -3.5185838e+00  -5.6000000e+01   1.1281806e-01  -1.7482743e-01  -2.5973408e-02  -1.7082840e-01  -2.5991565e-02  -1.6930101e-01   1.1392160e-01  -1.7860284e-01
  -3.4557519e+00  -5.5000000e+01   1.1351912e-01  -1.7429790e-01  -2.5665523e-02  -1.7220843e-01  -2.5643558e-02  -1.7069058e-01   1.1453221e-01  -1.7817793e-01
  -3.3929201e+00  -5.4000000e+01   1.1389821e-01  -1.7365272e-01  -2.5042358e-02  -1.7369341e-01  -2.4992068e-02  -1.7219836e-01   1.1483877e-01  -1.7762447e-01
  -3.3300882e+00  -5.3000000e+01   1.1404383e-01  -1.7293575e-01  -2.4223827e-02  -1.7521768e-01  -2.4156940e-02  -1.7374168e-01   1.1492048e-01  -1.7698210e-01
  -3.2672564e+00  -5.2000000e+01   1.1405672e-01  -1.7215723e-01  -2.3314300e-02  -1.7670217e-01  -2.3241170e-02  -1.7524244e-01   1.1488069e-01  -1.7626122e-01
  -3.2044245e+00  -5.1000000e+01   1.1381059e-01  -1.7126630e-01  -2.2024115e-02  -1.7825678e-01  -2.1971487e-02  -1.7676919e-01   1.1458026e-01  -1.7538556e-01
  -3.1415927e+00  -5.0000000e+01   1.1306891e-01  -1.7023198e-01  -1.9860586e-02  -1.8010181e-01  -1.9871674e-02  -1.7850159e-01   1.1376144e-01  -1.7430361e-01
  -3.0787608e+00  -4.9000000e+01   1.1195796e-01  -1.6912721e-01  -1.6936575e-02  -1.8217551e-01  -1.7057912e-02  -1.8035427e-01   1.1252842e-01  -1.7308517e-01
  -3.0159289e+00  -4.8000000e+01   1.1066154e-01  -1.6802607e-01  -1.3570370e-02  -1.8430758e-01  -1.3861244e-02  -1.8211833e-01   1.1104014e-01  -1.7178631e-01
  -2.9530971e+00  -4.7000000e+01   1.0914664e-01  -1.6697227e-01  -9.9061659e-03  -1.8633679e-01  -1.0438527e-02  -1.8363684e-01   1.0926673e-01  -1.7043752e-01
  -2.8902652e+00  -4.6000000e+01   1.0736332e-01  -1.6598593e-01  -6.0835487e-03  -1.8805930e-01  -6.9175907e-03  -1.8478910e-01   1.0720627e-01  -1.6908085e-01
  -2.8274334e+00  -4.5000000e+01   1.0540724e-01  -1.6506676e-01  -2.3729117e-03  -1.8926842e-01  -3.5429134e-03  -1.8545404e-01   1.0500858e-01  -1.6774968e-01
  -2.7646015e+00  -4.4000000e+01   1.0342369e-01  -1.6418648e-01   1.1505097e-03  -1.8997602e-01  -3.5237888e-04  -1.8571955e-01   1.0285769e-01  -1.6646752e-01
  -2.7017697e+00  -4.3000000e+01   1.0136141e-01  -1.6335910e-01   4.5163556e-03  -1.9029093e-01   2.7016241e-03  -1.8570999e-01   1.0070222e-01  -1.6527038e-01
  -2.6389378e+00  -4.2000000e+01   9.9035825e-02  -1.6264329e-01   7.7038570e-03  -1.9030999e-01   5.6071055e-03  -1.8551399e-01   9.8342711e-02  -1.6422159e-01
  -2.5761060e+00  -4.1000000e+01   9.6470796e-02  -1.6203813e-01   1.0758961e-02  -1.9013154e-01   8.4234515e-03  -1.8523454e-01   9.5799255e-02  -1.6333724e-01
  -2.5132741e+00  -4.0000000e+01   9.3856891e-02  -1.6150772e-01   1.3734132e-02  -1.8981353e-01   1.1209045e-02  -1.8492075e-01   9.3258571e-02  -1.6259162e-01
  -2.4504423e+00  -3.9000000e+01   9.1228295e-02  -1.6105444e-01   1.6677459e-02  -1.8944009e-01   1.3996230e-02  -1.8460574e-01   9.0723268e-02  -1.6196747e-01
  -2.3876104e+00  -3.8000000e+01   8.8615039e-02  -1.6066598e-01   1.9625056e-02  -1.8906704e-01   1.6807985e-02  -1.8431102e-01   8.8202542e-02  -1.6143679e-01
  -2.3247786e+00  -3.7000000e+01   8.6091820e-02  -1.6032186e-01   2.2579625e-02  -1.8870210e-01   1.9644025e-02  -1.8403611e-01   8.5768413e-02  -1.6097606e-01
  -2.2619467e+00  -3.6000000e+01   8.3697325e-02  -1.6000184e-01   2.5542969e-02  -1.8834990e-01   2.2502707e-02  -1.8377963e-01   8.3457711e-02  -1.6056079e-01
  -2.1991149e+00  -3.5000000e+01   8.1453354e-02  -1.5968781e-01   2.8520732e-02  -1.8800746e-01   2.5386513e-02  -1.8353517e-01   8.1292070e-02  -1.6016881e-01
  -2.1362830e+00  -3.4000000e+01   7.9260258e-02  -1.5939230e-01   3.1500448e-02  -1.8766951e-01   2.8285138e-02  -1.8330245e-01   7.9173614e-02  -1.5981241e-01
  -2.0734512e+00  -3.3000000e+01   7.6959520e-02  -1.5913473e-01   3.4460472e-02  -1.8733437e-01   3.1179966e-02  -1.8308487e-01   7.6944349e-02  -1.5951051e-01
  -2.0106193e+00  -3.2000000e+01   7.4628916e-02  -1.5890472e-01   3.7407637e-02  -1.8700076e-01   3.4078254e-02  -1.8287954e-01   7.4682968e-02  -1.5925427e-01
  -1.9477874e+00  -3.1000000e+01   7.2309698e-02  -1.5870219e-01   4.0343994e-02  -1.8666962e-01   3.6982725e-02  -1.8268595e-01   7.2430729e-02  -1.5904475e-01
  -1.8849556e+00  -3.0000000e+01   6.9995436e-02  -1.5852530e-01   4.3269195e-02  -1.8633799e-01   3.9891989e-02  -1.8249890e-01   7.0180575e-02  -1.5887821e-01
  -1.8221237e+00  -2.9000000e+01   6.7728154e-02  -1.5836883e-01   4.6188021e-02  -1.8599964e-01   4.2807891e-02  -1.8230742e-01   6.7973651e-02  -1.5874653e-01
  -1.7592919e+00  -2.8000000e+01   6.5520110e-02  -1.5822664e-01   4.9100142e-02  -1.8565860e-01   4.5728602e-02  -1.8211322e-01   6.5821119e-02  -1.5864175e-01
  -1.6964600e+00  -2.7000000e+01   6.3407049e-02  -1.5809013e-01   5.2007777e-02  -1.8531704e-01   4.8654539e-02  -1.8191626e-01   6.3758258e-02  -1.5855362e-01
  -1.6336282e+00  -2.6000000e+01   6.1333869e-02  -1.5796229e-01   5.4902365e-02  -1.8497743e-01   5.1577673e-02  -1.8171980e-01   6.1729465e-02  -1.5848432e-01
  -1.5707963e+00  -2.5000000e+01   5.8957434e-02  -1.5787118e-01   5.7741635e-02  -1.8465386e-01   5.4460646e-02  -1.8154257e-01   5.9386952e-02  -1.5846041e-01
  -1.5079645e+00  -2.4000000e+01   5.6128973e-02  -1.5783195e-01   6.0506397e-02  -1.8435400e-01   5.7285930e-02  -1.8139096e-01   5.6577652e-02  -1.5849591e-01
  -1.4451326e+00  -2.3000000e+01   5.3107413e-02  -1.5784966e-01   6.3224018e-02  -1.8407417e-01   6.0075084e-02  -1.8124999e-01   5.3558564e-02  -1.5859490e-01
  -1.3823008e+00  -2.2000000e+01   5.0123456e-02  -1.5791942e-01   6.5921233e-02  -1.8381077e-01   6.2848054e-02  -1.8110751e-01   5.0560012e-02  -1.5874957e-01
  -1.3194689e+00  -2.1000000e+01   4.7238329e-02  -1.5802666e-01   6.8606590e-02  -1.8356147e-01   6.5608567e-02  -1.8095838e-01   4.7643500e-02  -1.5894099e-01
  -1.2566371e+00  -2.0000000e+01   4.4427610e-02  -1.5815406e-01   7.1271551e-02  -1.8332210e-01   6.8344415e-02  -1.8079813e-01   4.4785248e-02  -1.5914681e-01
  -1.1938052e+00  -1.9000000e+01   4.1684530e-02  -1.5829130e-01   7.3915390e-02  -1.8309560e-01   7.1051740e-02  -1.8062878e-01   4.1978236e-02  -1.5935290e-01
  -1.1309734e+00  -1.8000000e+01   3.9055756e-02  -1.5843348e-01   7.6573146e-02  -1.8290206e-01   7.3764056e-02  -1.8046963e-01   3.9267319e-02  -1.5955394e-01
  -1.0681415e+00  -1.7000000e+01   3.6360132e-02  -1.5855887e-01   7.9183516e-02  -1.8271526e-01   7.6424569e-02  -1.8030385e-01   3.6477225e-02  -1.5972785e-01
  -1.0053096e+00  -1.6000000e+01   3.3364291e-02  -1.5863290e-01   8.1556618e-02  -1.8244006e-01   7.8856019e-02  -1.8005843e-01   3.3396131e-02  -1.5984567e-01
  -9.4247780e-01  -1.5000000e+01   3.0198046e-02  -1.5866600e-01   8.3647010e-02  -1.8204923e-01   8.1012746e-02  -1.7970726e-01   3.0161202e-02  -1.5992073e-01
  -8.7964594e-01  -1.4000000e+01   2.7165192e-02  -1.5870473e-01   8.5601378e-02  -1.8159897e-01   8.3035561e-02  -1.7929451e-01   2.7066429e-02  -1.6000297e-01
  -8.1681409e-01  -1.3000000e+01   2.4293586e-02  -1.5874295e-01   8.7462619e-02  -1.8111260e-01   8.4966471e-02  -1.7884290e-01   2.4137085e-02  -1.6008672e-01
  -7.5398224e-01  -1.2000000e+01   2.1544509e-02  -1.5876309e-01   8.9206303e-02  -1.8059738e-01   8.6778575e-02  -1.7835974e-01   2.1334729e-02  -1.6015070e-01
  -6.9115038e-01  -1.1000000e+01   1.8894107e-02  -1.5876894e-01   9.0796548e-02  -1.8004347e-01   8.8426185e-02  -1.7782839e-01   1.8634906e-02  -1.6018818e-01
  -6.2831853e-01  -1.0000000e+01   1.6319247e-02  -1.5873283e-01   9.2254543e-02  -1.7942669e-01   8.9929042e-02  -1.7722835e-01   1.6019191e-02  -1.6017047e-01
  -5.6548668e-01  -9.0000000e+00   1.3813083e-02  -1.5863961e-01   9.3595262e-02  -1.7870715e-01   9.1300515e-02  -1.7652321e-01   1.3486886e-02  -1.6008225e-01
  -5.0265482e-01  -8.0000000e+00   1.1399293e-02  -1.5861670e-01   9.4320313e-02  -1.7780775e-01   9.2061368e-02  -1.7565454e-01   1.1089599e-02  -1.6007140e-01
  -4.3982297e-01  -7.0000000e+00   9.0907269e-03  -1.5878423e-01   9.4063505e-02  -1.7672769e-01   9.1843039e-02  -1.7461634e-01   8.8468761e-03  -1.6025572e-01
  -3.7699112e-01  -6.0000000e+00   6.9512339e-03  -1.5909385e-01   9.3214542e-02  -1.7555014e-01   9.1032186e-02  -1.7348419e-01   6.8012272e-03  -1.6058676e-01
  -3.1415927e-01  -5.0000000e+00   4.9742664e-03  -1.5950226e-01   9.2042975e-02  -1.7433927e-01   8.9894752e-02  -1.7231502e-01   4.9291945e-03  -1.6101738e-01
  -2.5132741e-01  -4.0000000e+00   3.1487652e-03  -1.6002063e-01   9.0626577e-02  -1.7314759e-01   8.8507336e-02  -1.7115485e-01   3.2089042e-03  -1.6155628e-01
  -1.8849556e-01  -3.0000000e+00   1.4520917e-03  -1.6063171e-01   8.9042695e-02  -1.7199416e-01   8.6942169e-02  -1.7001713e-01   1.6120469e-03  -1.6217991e-01
  -1.2566371e-01  -2.0000000e+00  -1.3553149e-04  -1.6130777e-01   8.7348327e-02  -1.7089828e-01   8.5261231e-02  -1.6892527e-01   1.1703472e-04  -1.6286454e-01
  -6.2831853e-02  -1.0000000e+00  -1.5748245e-03  -1.6210594e-01   8.5439064e-02  -1.6989250e-01   8.3367199e-02  -1.6791345e-01  -1.2379329e-03  -1.6367367e-01
   0.0000000e+00   0.0000000e+00  -2.2568118e-03  -1.6652957e-01   7.6719869e-02  -1.6855632e-01   7.4781782e-02  -1.6647719e-01  -1.7798067e-03  -1.6822311e-01
   0.0000000e+00   0.0000000e+00  -2.2568118e-03  -1.6652957e-01   7.6719869e-02  -1.6855632e-01   7.4781782e-02  -1.6647719e-01  -1.7798067e-03  -1.6822311e-01
   6.2831853e-02   1.0000000e+00  -7.0801455e-04  -1.6906459e-01   7.2238004e-02  -1.6825307e-01   7.0336610e-02  -1.6608238e-01  -1.7984405e-04  -1.7080289e-01
   1.2566371e-01   2.0000000e+00   1.4752215e-03  -1.7188976e-01   6.7614620e-02  -1.6812039e-01   6.5774777e-02  -1.6584914e-01   2.0248915e-03  -1.7369649e-01
   1.8849556e-01   3.0000000e+00   4.0520188e-03  -1.7482148e-01   6.3017311e-02  -1.6809818e-01   6.1252378e-02  -1.6571676e-01   4.5944353e-03  -1.7670596e-01
   2.5132741e-01   4.0000000e+00   6.8393089e-03  -1.7771718e-01   5.8526892e-02  -1.6814311e-01   5.6835940e-02  -1.6563612e-01   7.3483799e-03  -1.7967220e-01
   3.1415927e-01   5.0000000e+00   9.8695663e-03  -1.8043576e-01   5.4033884e-02  -1.6817184e-01   5.2496122e-02  -1.6564020e-01   1.0362164e-02  -1.8254118e-01
   3.7699112e-01   6.0000000e+00   1.3130940e-02  -1.8278476e-01   4.9528015e-02  -1.6808620e-01   4.8306409e-02  -1.6577863e-01   1.3678166e-02  -1.8521649e-01
   4.3982297e-01   7.0000000e+00   1.6607953e-02  -1.8465112e-01   4.5060152e-02  -1.6792633e-01   4.4201134e-02  -1.6597859e-01   1.7265604e-02  -1.8746349e-01
   5.0265482e-01   8.0000000e+00   2.0139239e-02  -1.8590517e-01   4.0616392e-02  -1.6767267e-01   4.0143306e-02  -1.6621794e-01   2.0974388e-02  -1.8913075e-01
   5.6548668e-01   9.0000000e+00   2.3392897e-02  -1.8647440e-01   3.6321472e-02  -1.6731649e-01   3.6257963e-02  -1.6650756e-01   2.4477786e-02  -1.9015215e-01
   6.2831853e-01   1.0000000e+01   2.6327713e-02  -1.8649934e-01   3.2301129e-02  -1.6696291e-01   3.2556621e-02  -1.6676554e-01   2.7675218e-02  -1.9054262e-01
   6.9115038e-01   1.1000000e+01   2.9146818e-02  -1.8624434e-01   2.8571696e-02  -1.6667796e-01   2.9003581e-02  -1.6692603e-01   3.0721358e-02  -1.9050190e-01
   7.5398224e-01   1.2000000e+01   3.1921846e-02  -1.8583204e-01   2.5077402e-02  -1.6642871e-01   2.5595748e-02  -1.6700650e-01   3.3695652e-02  -1.9020719e-01
   8.1681409e-01   1.3000000e+01   3.4672903e-02  -1.8534163e-01   2.1788298e-02  -1.6619975e-01   2.2330994e-02  -1.6701434e-01   3.6619440e-02  -1.8976495e-01
   8.7964594e-01   1.4000000e+01   3.7435985e-02  -1.8483999e-01   1.8683493e-02  -1.6598014e-01   1.9207868e-02  -1.6695366e-01   3.9529284e-02  -1.8926093e-01
   9.4247780e-01   1.5000000e+01   4.0227627e-02  -1.8436817e-01   1.5748630e-02  -1.6576583e-01   1.6224901e-02  -1.6682995e-01   4.2441592e-02  -1.8874841e-01
   1.0053096e+00   1.6000000e+01   4.3040883e-02  -1.8393614e-01   1.2971304e-02  -1.6555850e-01   1.3379078e-02  -1.6665433e-01   4.5350305e-02  -1.8824651e-01
   1.0681415e+00   1.7000000e+01   4.5867947e-02  -1.8353950e-01   1.0338521e-02  -1.6535192e-01   1.0665765e-02  -1.6643333e-01   4.8251555e-02  -1.8776006e-01
   1.1309734e+00   1.8000000e+01   4.8706955e-02  -1.8317113e-01   7.8405557e-03  -1.6513786e-01   8.0808770e-03  -1.6616877e-01   5.1147575e-02  -1.8728836e-01
   1.1938052e+00   1.9000000e+01   5.1553729e-02  -1.8282194e-01   5.4682375e-03  -1.6491214e-01   5.6186022e-03  -1.6586326e-01   5.4037123e-02  -1.8682625e-01
   1.2566371e+00   2.0000000e+01   5.4404507e-02  -1.8247908e-01   3.2173020e-03  -1.6468223e-01   3.2775086e-03  -1.6553057e-01   5.6918363e-02  -1.8636468e-01
   1.3194689e+00   2.1000000e+01   5.7257394e-02  -1.8213439e-01   1.0785928e-03  -1.6445108e-01   1.0491772e-03  -1.6517569e-01   5.9790263e-02  -1.8589638e-01
   1.3823008e+00   2.2000000e+01   6.0109198e-02  -1.8178792e-01  -9.5568183e-04  -1.6421537e-01  -1.0736053e-03  -1.6479646e-01   6.2650342e-02  -1.8542204e-01
   1.4451326e+00   2.3000000e+01   6.2956092e-02  -1.8144339e-01  -2.8918271e-03  -1.6397235e-01  -3.0952286e-03  -1.6439434e-01   6.5496132e-02  -1.8494820e-01
   1.5079645e+00   2.4000000e+01   6.5795340e-02  -1.8110001e-01  -4.7335966e-03  -1.6374993e-01  -5.0175948e-03  -1.6399953e-01   6.8322705e-02  -1.8447734e-01
   1.5707963e+00   2.5000000e+01   6.8622953e-02  -1.8075654e-01  -6.4882650e-03  -1.6356904e-01  -6.8465457e-03  -1.6363548e-01   7.1124711e-02  -1.8401110e-01
   1.6336282e+00   2.6000000e+01   7.1435693e-02  -1.8041613e-01  -8.1624248e-03  -1.6341567e-01  -8.5876276e-03  -1.6329291e-01   7.3901976e-02  -1.8355475e-01
   1.6964600e+00   2.7000000e+01   7.4229837e-02  -1.8007835e-01  -9.7618696e-03  -1.6328040e-01  -1.0245836e-02  -1.6296715e-01   7.6653646e-02  -1.8310975e-01
   1.7592919e+00   2.8000000e+01   7.7001722e-02  -1.7973798e-01  -1.1286089e-02  -1.6316820e-01  -1.1820129e-02  -1.6266704e-01   7.9377625e-02  -1.8267269e-01
   1.8221237e+00   2.9000000e+01   7.9748163e-02  -1.7940140e-01  -1.2740998e-02  -1.6308466e-01  -1.3316030e-02  -1.6239931e-01   8.2070371e-02  -1.8225127e-01
   1.8849556e+00   3.0000000e+01   8.2466227e-02  -1.7907078e-01  -1.4133964e-02  -1.6302904e-01  -1.4740890e-02  -1.6216484e-01   8.4729648e-02  -1.8184838e-01
   1.9477874e+00   3.1000000e+01   8.5153513e-02  -1.7873937e-01  -1.5475331e-02  -1.6296946e-01  -1.6105914e-02  -1.6193622e-01   8.7358567e-02  -1.8145633e-01
   2.0106193e+00   3.2000000e+01   8.7790013e-02  -1.7840259e-01  -1.6732851e-02  -1.6296521e-01  -1.7375573e-02  -1.6178217e-01   8.9936015e-02  -1.8107851e-01
   2.0734512e+00   3.3000000e+01   9.0369642e-02  -1.7806794e-01  -1.7892473e-02  -1.6312263e-01  -1.8532462e-02  -1.6180978e-01   9.2445537e-02  -1.8073088e-01
   2.1362830e+00   3.4000000e+01   9.2907380e-02  -1.7775039e-01  -1.9001997e-02  -1.6340915e-01  -1.9624307e-02  -1.6198801e-01   9.4904040e-02  -1.8042857e-01
   2.1991149e+00   3.5000000e+01   9.5397370e-02  -1.7744745e-01  -2.0100198e-02  -1.6373588e-01  -2.0685541e-02  -1.6225941e-01   9.7325607e-02  -1.8017790e-01
   2.2619467e+00   3.6000000e+01   9.7832241e-02  -1.7716285e-01  -2.1151952e-02  -1.6413040e-01  -2.1687090e-02  -1.6262930e-01   9.9693660e-02  -1.7997212e-01
   2.3247786e+00   3.7000000e+01   1.0019451e-01  -1.7689945e-01  -2.2138446e-02  -1.6461101e-01  -2.2610280e-02  -1.6311700e-01   1.0199017e-01  -1.7981490e-01
   2.3876104e+00   3.8000000e+01   1.0248742e-01  -1.7665349e-01  -2.3066012e-02  -1.6518539e-01  -2.3467144e-02  -1.6370829e-01   1.0420983e-01  -1.7969141e-01
   2.4504423e+00   3.9000000e+01   1.0474607e-01  -1.7645048e-01  -2.4016622e-02  -1.6576694e-01  -2.4348046e-02  -1.6428131e-01   1.0637845e-01  -1.7960704e-01
   2.5132741e+00   4.0000000e+01   1.0698132e-01  -1.7627216e-01  -2.4967383e-02  -1.6636823e-01  -2.5222265e-02  -1.6488395e-01   1.0852084e-01  -1.7956057e-01
   2.5761060e+00   4.1000000e+01   1.0896818e-01  -1.7601895e-01  -2.5636573e-02  -1.6720052e-01  -2.5819230e-02  -1.6571142e-01   1.1040431e-01  -1.7944004e-01
   2.6389378e+00   4.2000000e+01   1.1055225e-01  -1.7565969e-01  -2.5910664e-02  -1.6832203e-01  -2.6032756e-02  -1.6681379e-01   1.1187420e-01  -1.7920362e-01
   2.7017697e+00   4.3000000e+01   1.1181196e-01  -1.7526281e-01  -2.6008720e-02  -1.6954968e-01  -2.6075427e-02  -1.6803052e-01   1.1302232e-01  -1.7892654e-01
   2.7646015e+00   4.4000000e+01   1.1281806e-01  -1.7482743e-01  -2.5973408e-02  -1.7082840e-01  -2.5991565e-02  -1.6930101e-01   1.1392160e-01  -1.7860284e-01
   2.8274334e+00   4.5000000e+01   1.1351912e-01  -1.7429790e-01  -2.5665523e-02  -1.7220843e-01  -2.5643558e-02  -1.7069058e-01   1.1453221e-01  -1.7817793e-01
   2.8902652e+00   4.6000000e+01   1.1389821e-01  -1.7365272e-01  -2.5042358e-02  -1.7369341e-01  -2.4992068e-02  -1.7219836e-01   1.1483877e-01  -1.7762447e-01
   2.9530971e+00   4.7000000e+01   1.1404383e-01  -1.7293575e-01  -2.4223827e-02  -1.7521768e-01  -2.4156940e-02  -1.7374168e-01   1.1492048e-01  -1.7698210e-01
   3.0159289e+00   4.8000000e+01   1.1405672e-01  -1.7215723e-01  -2.3314300e-02  -1.7670217e-01  -2.3241170e-02  -1.7524244e-01   1.1488069e-01  -1.7626122e-01
   3.0787608e+00   4.9000000e+01   1.1381059e-01  -1.7126630e-01  -2.2024115e-02  -1.7825678e-01  -2.1971487e-02  -1.7676919e-01   1.1458026e-01  -1.7538556e-01
   3.1415927e+00   5.0000000e+01   1.1306891e-01  -1.7023198e-01  -1.9860586e-02  -1.8010181e-01  -1.9871674e-02  -1.7850159e-01   1.1376144e-01  -1.7430361e-01
   3.2044245e+00   5.1000000e+01   1.1195796e-01  -1.6912721e-01  -1.6936575e-02  -1.8217551e-01  -1.7057912e-02  -1.8035427e-01   1.1252842e-01  -1.7308517e-01
   3.2672564e+00   5.2000000e+01   1.1066154e-01  -1.6802607e-01  -1.3570370e-02  -1.8430758e-01  -1.3861244e-02  -1.8211833e-01   1.1104014e-01  -1.7178631e-01
   3.3300882e+00   5.3000000e+01   1.0914664e-01  -1.6697227e-01  -9.9061659e-03  -1.8633679e-01  -1.0438527e-02  -1.8363684e-01   1.0926673e-01  -1.7043752e-01
   3.3929201e+00   5.4000000e+01   1.0736332e-01  -1.6598593e-01  -6.0835487e-03  -1.8805930e-01  -6.9175907e-03  -1.8478910e-01   1.0720627e-01  -1.6908085e-01
   3.4557519e+00   5.5000000e+01   1.0540724e-01  -1.6506676e-01  -2.3729117e-03  -1.8926842e-01  -3.5429134e-03  -1.8545404e-01   1.0500858e-01  -1.6774968e-01
   3.5185838e+00   5.6000000e+01   1.0342369e-01  -1.6418648e-01   1.1505097e-03  -1.8997602e-01  -3.5237888e-04  -1.8571955e-01   1.0285769e-01  -1.6646752e-01
   3.5814156e+00   5.7000000e+01   1.0136141e-01  -1.6335910e-01   4.5163556e-03  -1.9029093e-01   2.7016241e-03  -1.8570999e-01   1.0070222e-01  -1.6527038e-01
   3.6442475e+00   5.8000000e+01   9.9035825e-02  -1.6264329e-01   7.7038570e-03  -1.9030999e-01   5.6071055e-03  -1.8551399e-01   9.8342711e-02  -1.6422159e-01
   3.7070793e+00   5.9000000e+01   9.6470796e-02  -1.6203813e-01   1.0758961e-02  -1.9013154e-01   8.4234515e-03  -1.8523454e-01   9.5799255e-02  -1.6333724e-01
   3.7699112e+00   6.0000000e+01   9.3856891e-02  -1.6150772e-01   1.3734132e-02  -1.8981353e-01   1.1209045e-02  -1.8492075e-01   9.3258571e-02  -1.6259162e-01
   3.8327430e+00   6.1000000e+01   9.1228295e-02  -1.6105444e-01   1.6677459e-02  -1.8944009e-01   1.3996230e-02  -1.8460574e-01   9.0723268e-02  -1.6196747e-01
   3.8955749e+00   6.2000000e+01   8.8615039e-02  -1.6066598e-01   1.9625056e-02  -1.8906704e-01   1.6807985e-02  -1.8431102e-01   8.8202542e-02  -1.6143679e-01
   3.9584067e+00   6.3000000e+01   8.6091820e-02  -1.6032186e-01   2.2579625e-02  -1.8870210e-01   1.9644025e-02  -1.8403611e-01   8.5768413e-02  -1.6097606e-01
   4.0212386e+00   6.4000000e+01   8.3697325e-02  -1.6000184e-01   2.5542969e-02  -1.8834990e-01   2.2502707e-02  -1.8377963e-01   8.3457711e-02  -1.6056079e-01
   4.0840704e+00   6.5000000e+01   8.1453354e-02  -1.5968781e-01   2.8520732e-02  -1.8800746e-01   2.5386513e-02  -1.8353517e-01   8.1292070e-02  -1.6016881e-01
   4.1469023e+00   6.6000000e+01   7.9260258e-02  -1.5939230e-01   3.1500448e-02  -1.8766951e-01   2.8285138e-02  -1.8330245e-01   7.9173614e-02  -1.5981241e-01
   4.2097342e+00   6.7000000e+01   7.6959520e-02  -1.5913473e-01   3.4460472e-02  -1.8733437e-01   3.1179966e-02  -1.8308487e-01   7.6944349e-02  -1.5951051e-01
   4.2725660e+00   6.8000000e+01   7.4628916e-02  -1.5890472e-01   3.7407637e-02  -1.8700076e-01   3.4078254e-02  -1.8287954e-01   7.4682968e-02  -1.5925427e-01
   4.3353979e+00   6.9000000e+01   7.2309698e-02  -1.5870219e-01   4.0343994e-02  -1.8666962e-01   3.6982725e-02  -1.8268595e-01   7.2430729e-02  -1.5904475e-01
   4.3982297e+00   7.0000000e+01   6.9995436e-02  -1.5852530e-01   4.3269195e-02  -1.8633799e-01   3.9891989e-02  -1.8249890e-01   7.0180575e-02  -1.5887821e-01
   4.4610616e+00   7.1000000e+01   6.7728154e-02  -1.5836883e-01   4.6188021e-02  -1.8599964e-01   4.2807891e-02  -1.8230742e-01   6.7973651e-02  -1.5874653e-01
   4.5238934e+00   7.2000000e+01   6.5520110e-02  -1.5822664e-01   4.9100142e-02  -1.8565860e-01   4.5728602e-02  -1.8211322e-01   6.5821119e-02  -1.5864175e-01
   4.5867253e+00   7.3000000e+01   6.3407049e-02  -1.5809013e-01   5.2007777e-02  -1.8531704e-01   4.8654539e-02  -1.8191626e-01   6.3758258e-02  -1.5855362e-01
   4.6495571e+00   7.4000000e+01   6.1333869e-02  -1.5796229e-01   5.4902365e-02  -1.8497743e-01   5.1577673e-02  -1.8171980e-01   6.1729465e-02  -1.5848432e-01
   4.7123890e+00   7.5000000e+01   5.8957434e-02  -1.5787118e-01   5.7741635e-02  -1.8465386e-01   5.4460646e-02  -1.8154257e-01   5.9386952e-02  -1.5846041e-01
   4.7752208e+00   7.6000000e+01   5.6128973e-02  -1.5783195e-01   6.0506397e-02  -1.8435400e-01   5.7285930e-02  -1.8139096e-01   5.6577652e-02  -1.5849591e-01
   4.8380527e+00   7.7000000e+01   5.3107413e-02  -1.5784966e-01   6.3224018e-02  -1.8407417e-01   6.0075084e-02  -1.8124999e-01   5.3558564e-02  -1.5859490e-01
   4.9008845e+00   7.8000000e+01   5.0123456e-02  -1.5791942e-01   6.5921233e-02  -1.8381077e-01   6.2848054e-02  -1.8110751e-01   5.0560012e-02  -1.5874957e-01
   4.9637164e+00   7.9000000e+01   4.7238329e-02  -1.5802666e-01   6.8606590e-02  -1.8356147e-01   6.5608567e-02  -1.8095838e-01   4.7643500e-02  -1.5894099e-01
   5.0265482e+00   8.0000000e+01   4.4427610e-02  -1.5815406e-01   7.1271551e-02  -1.8332210e-01   6.8344415e-02  -1.8079813e-01   4.4785248e-02  -1.5914681e-01
   5.0893801e+00   8.1000000e+01   4.1684530e-02  -1.5829130e-01   7.3915390e-02  -1.8309560e-01   7.1051740e-02  -1.8062878e-01   4.1978236e-02  -1.5935290e-01
   5.1522120e+00   8.2000000e+01   3.9055756e-02  -1.5843348e-01   7.6573146e-02  -1.8290206e-01   7.3764056e-02  -1.8046963e-01   3.9267319e-02  -1.5955394e-01
   5.2150438e+00   8.3000000e+01   3.6360132e-02  -1.5855887e-01   7.9183516e-02  -1.8271526e-01   7.6424569e-02  -1.8030385e-01   3.6477225e-02  -1.5972785e-01
   5.2778757e+00   8.4000000e+01   3.3364291e-02  -1.5863290e-01   8.1556618e-02  -1.8244006e-01   7.8856019e-02  -1.8005843e-01   3.3396131e-02  -1.5984567e-01
   5.3407075e+00   8.5000000e+01   3.0198046e-02  -1.5866600e-01   8.3647010e-02  -1.8204923e-01   8.1012746e-02  -1.7970726e-01   3.0161202e-02  -1.5992073e-01
   5.4035394e+00   8.6000000e+01   2.7165192e-02  -1.5870473e-01   8.5601378e-02  -1.8159897e-01   8.3035561e-02  -1.7929451e-01   2.7066429e-02  -1.6000297e-01
   5.4663712e+00   8.7000000e+01   2.4293586e-02  -1.5874295e-01   8.7462619e-02  -1.8111260e-01   8.4966471e-02  -1.7884290e-01   2.4137085e-02  -1.6008672e-01
   5.5292031e+00   8.8000000e+01   2.1544509e-02  -1.5876309e-01   8.9206303e-02  -1.8059738e-01   8.6778575e-02  -1.7835974e-01   2.1334729e-02  -1.6015070e-01
   5.5920349e+00   8.9000000e+01   1.8894107e-02  -1.5876894e-01   9.0796548e-02  -1.8004347e-01   8.8426185e-02  -1.7782839e-01   1.8634906e-02  -1.6018818e-01
   5.6548668e+00   9.0000000e+01   1.6319247e-02  -1.5873283e-01   9.2254543e-02  -1.7942669e-01   8.9929042e-02  -1.7722835e-01   1.6019191e-02  -1.6017047e-01
   5.7176986e+00   9.1000000e+01   1.3813083e-02  -1.5863961e-01   9.3595262e-02  -1.7870715e-01   9.1300515e-02  -1.7652321e-01   1.3486886e-02  -1.6008225e-01
   5.7805305e+00   9.2000000e+01   1.1399293e-02  -1.5861670e-01   9.4320313e-02  -1.7780775e-01   9.2061368e-02  -1.7565454e-01   1.1089599e-02  -1.6007140e-01
   5.8433623e+00   9.3000000e+01   9.0907269e-03  -1.5878423e-01   9.4063505e-02  -1.7672769e-01   9.1843039e-02  -1.7461634e-01   8.8468761e-03  -1.6025572e-01
   5.9061942e+00   9.4000000e+01   6.9512339e-03  -1.5909385e-01   9.3214542e-02  -1.7555014e-01   9.1032186e-02  -1.7348419e-01   6.8012272e-03  -1.6058676e-01
   5.9690260e+00   9.5000000e+01   4.9742664e-03  -1.5950226e-01   9.2042975e-02  -1.7433927e-01   8.9894752e-02  -1.7231502e-01   4.9291945e-03  -1.6101738e-01
   6.0318579e+00   9.6000000e+01   3.1487652e-03  -1.6002063e-01   9.0626577e-02  -1.7314759e-01   8.8507336e-02  -1.7115485e-01   3.2089042e-03  -1.6155628e-01
   6.0946897e+00   9.7000000e+01   1.4520917e-03  -1.6063171e-01   8.9042695e-02  -1.7199416e-01   8.6942169e-02  -1.7001713e-01   1.6120469e-03  -1.6217991e-01
   6.1575216e+00   9.8000000e+01  -1.3553149e-04  -1.6130777e-01   8.7348327e-02  -1.7089828e-01   8.5261231e-02  -1.6892527e-01   1.1703472e-04  -1.6286454e-01
   6.2203535e+00   9.9000000e+01  -1.5748245e-03  -1.6210594e-01   8.5439064e-02  -1.6989250e-01   8.3367199e-02  -1.6791345e-01  -1.2379329e-03  -1.6367367e-01
   6.2831853e+00   1.0000000e+02  -2.2568118e-03  -1.6652957e-01   7.6719869e-02  -1.6855632e-01   7.4781782e-02  -1.6647719e-01  -1.7798067e-03  -1.6822311e-01
   6.2831853e+00   1.0000000e+02  -2.2568118e-03  -1.6652957e-01   7.6719869e-02  -1.6855632e-01   7.4781782e-02  -1.6647719e-01  -1.7798067e-03  -1.6822311e-01
   6.3460172e+00   1.0100000e+02  -7.0801455e-04  -1.6906459e-01   7.2238004e-02  -1.6825307e-01   7.0336610e-02  -1.6608238e-01  -1.7984405e-04  -1.7080289e-01
   6.4088490e+00   1.0200000e+02   1.4752215e-03  -1.7188976e-01   6.7614620e-02  -1.6812039e-01   6.5774777e-02  -1.6584914e-01   2.0248915e-03  -1.7369649e-01
   6.4716809e+00   1.0300000e+02   4.0520188e-03  -1.7482148e-01   6.3017311e-02  -1.6809818e-01   6.1252378e-02  -1.6571676e-01   4.5944353e-03  -1.7670596e-01
   6.5345127e+00   1.0400000e+02   6.8393089e-03  -1.7771718e-01   5.8526892e-02  -1.6814311e-01   5.6835940e-02  -1.6563612e-01   7.3483799e-03  -1.7967220e-01
   6.5973446e+00   1.0500000e+02   9.8695663e-03  -1.8043576e-01   5.4033884e-02  -1.6817184e-01   5.2496122e-02  -1.6564020e-01   1.0362164e-02  -1.8254118e-01
   6.6601764e+00   1.0600000e+02   1.3130940e-02  -1.8278476e-01   4.9528015e-02  -1.6808620e-01   4.8306409e-02  -1.6577863e-01   1.3678166e-02  -1.8521649e-01
   6.7230083e+00   1.0700000e+02   1.6607953e-02  -1.8465112e-01   4.5060152e-02  -1.6792633e-01   4.4201134e-02  -1.6597859e-01   1.7265604e-02  -1.8746349e-01
   6.7858401e+00   1.0800000e+02   2.0139239e-02  -1.8590517e-01   4.0616392e-02  -1.6767267e-01   4.0143306e-02  -1.6621794e-01   2.0974388e-02  -1.8913075e-01
   6.8486720e+00   1.0900000e+02   2.3392897e-02  -1.8647440e-01   3.6321472e-02  -1.6731649e-01   3.6257963e-02  -1.6650756e-01   2.4477786e-02  -1.9015215e-01
   6.9115038e+00   1.1000000e+02   2.6327713e-02  -1.8649934e-01   3.2301129e-02  -1.6696291e-01   3.2556621e-02  -1.6676554e-01   2.7675218e-02  -1.9054262e-01
   6.9743357e+00   1.1100000e+02   2.9146818e-02  -1.8624434e-01   2.8571696e-02  -1.6667796e-01   2.9003581e-02  -1.6692603e-01   3.0721358e-02  -1.9050190e-01
   7.0371675e+00   1.1200000e+02   3.1921846e-02  -1.8583204e-01   2.5077402e-02  -1.6642871e-01   2.5595748e-02  -1.6700650e-01   3.3695652e-02  -1.9020719e-01
   7.0999994e+00   1.1300000e+02   3.4672903e-02  -1.8534163e-01   2.1788298e-02  -1.6619975e-01   2.2330994e-02  -1.6701434e-01   3.6619440e-02  -1.8976495e-01
   7.1628313e+00   1.1400000e+02   3.7435985e-02  -1.8483999e-01   1.8683493e-02  -1.6598014e-01   1.9207868e-02  -1.6695366e-01   3.9529284e-02  -1.8926093e-01
   7.2256631e+00   1.1500000e+02   4.0227627e-02  -1.8436817e-01   1.5748630e-02  -1.6576583e-01   1.6224901e-02  -1.6682995e-01   4.2441592e-02  -1.8874841e-01
   7.2884950e+00   1.1600000e+02   4.3040883e-02  -1.8393614e-01   1.2971304e-02  -1.6555850e-01   1.3379078e-02  -1.6665433e-01   4.5350305e-02  -1.8824651e-01
   7.3513268e+00   1.1700000e+02   4.5867947e-02  -1.8353950e-01   1.0338521e-02  -1.6535192e-01   1.0665765e-02  -1.6643333e-01   4.8251555e-02  -1.8776006e-01
   7.4141587e+00   1.1800000e+02   4.8706955e-02  -1.8317113e-01   7.8405557e-03  -1.6513786e-01   8.0808770e-03  -1.6616877e-01   5.1147575e-02  -1.8728836e-01
   7.4769905e+00   1.1900000e+02   5.1553729e-02  -1.8282194e-01   5.4682375e-03  -1.6491214e-01   5.6186022e-03  -1.6586326e-01   5.4037123e-02  -1.8682625e-01
   7.5398224e+00   1.2000000e+02   5.4404507e-02  -1.8247908e-01   3.2173020e-03  -1.6468223e-01   3.2775086e-03  -1.6553057e-01   5.6918363e-02  -1.8636468e-01
   7.6026542e+00   1.2100000e+02   5.7257394e-02  -1.8213439e-01   1.0785928e-03  -1.6445108e-01   1.0491772e-03  -1.6517569e-01   5.9790263e-02  -1.8589638e-01
   7.6654861e+00   1.2200000e+02   6.0109198e-02  -1.8178792e-01  -9.5568183e-04  -1.6421537e-01  -1.0736053e-03  -1.6479646e-01   6.2650342e-02  -1.8542204e-01
   7.7283179e+00   1.2300000e+02   6.2956092e-02  -1.8144339e-01  -2.8918271e-03  -1.6397235e-01  -3.0952286e-03  -1.6439434e-01   6.5496132e-02  -1.8494820e-01
   7.7911498e+00   1.2400000e+02   6.5795340e-02  -1.8110001e-01  -4.7335966e-03  -1.6374993e-01  -5.0175948e-03  -1.6399953e-01   6.8322705e-02  -1.8447734e-01
   7.8539816e+00   1.2500000e+02   6.8622953e-02  -1.8075654e-01  -6.4882650e-03  -1.6356904e-01  -6.8465457e-03  -1.6363548e-01   7.1124711e-02  -1.8401110e-01
   7.9168135e+00   1.2600000e+02   7.1435693e-02  -1.8041613e-01  -8.1624248e-03  -1.6341567e-01  -8.5876276e-03  -1.6329291e-01   7.3901976e-02  -1.8355475e-01
   7.9796453e+00   1.2700000e+02   7.4229837e-02  -1.8007835e-01  -9.7618696e-03  -1.6328040e-01  -1.0245836e-02  -1.6296715e-01   7.6653646e-02  -1.8310975e-01
   8.0424772e+00   1.2800000e+02   7.7001722e-02  -1.7973798e-01  -1.1286089e-02  -1.6316820e-01  -1.1820129e-02  -1.6266704e-01   7.9377625e-02  -1.8267269e-01
   8.1053090e+00   1.2900000e+02   7.9748163e-02  -1.7940140e-01  -1.2740998e-02  -1.6308466e-01  -1.3316030e-02  -1.6239931e-01   8.2070371e-02  -1.8225127e-01
   8.1681409e+00   1.3000000e+02   8.2466227e-02  -1.7907078e-01  -1.4133964e-02  -1.6302904e-01  -1.4740890e-02  -1.6216484e-01   8.4729648e-02  -1.8184838e-01
   8.2309728e+00   1.3100000e+02   8.5153513e-02  -1.7873937e-01  -1.5475331e-02  -1.6296946e-01  -1.6105914e-02  -1.6193622e-01   8.7358567e-02  -1.8145633e-01
   8.2938046e+00   1.3200000e+02   8.7790013e-02  -1.7840259e-01  -1.6732851e-02  -1.6296521e-01  -1.7375573e-02  -1.6178217e-01   8.9936015e-02  -1.8107851e-01
   8.3566365e+00   1.3300000e+02   9.0369642e-02  -1.7806794e-01  -1.7892473e-02  -1.6312263e-01  -1.8532462e-02  -1.6180978e-01   9.2445537e-02  -1.8073088e-01
   8.4194683e+00   1.3400000e+02   9.2907380e-02  -1.7775039e-01  -1.9001997e-02  -1.6340915e-01  -1.9624307e-02  -1.6198801e-01   9.4904040e-02  -1.8042857e-01
   8.4823002e+00   1.3500000e+02   9.5397370e-02  -1.7744745e-01  -2.0100198e-02  -1.6373588e-01  -2.0685541e-02  -1.6225941e-01   9.7325607e-02  -1.8017790e-01
   8.5451320e+00   1.3600000e+02   9.7832241e-02  -1.7716285e-01  -2.1151952e-02  -1.6413040e-01  -2.1687090e-02  -1.6262930e-01   9.9693660e-02  -1.7997212e-01
   8.6079639e+00   1.3700000e+02   1.0019451e-01  -1.7689945e-01  -2.2138446e-02  -1.6461101e-01  -2.2610280e-02  -1.6311700e-01   1.0199017e-01  -1.7981490e-01
   8.6707957e+00   1.3800000e+02   1.0248742e-01  -1.7665349e-01  -2.3066012e-02  -1.6518539e-01  -2.3467144e-02  -1.6370829e-01   1.0420983e-01  -1.7969141e-01
   8.7336276e+00   1.3900000e+02   1.0474607e-01  -1.7645048e-01  -2.4016622e-02  -1.6576694e-01  -2.4348046e-02  -1.6428131e-01   1.0637845e-01  -1.7960704e-01
   8.7964594e+00   1.4000000e+02   1.0698132e-01  -1.7627216e-01  -2.4967383e-02  -1.6636823e-01  -2.5222265e-02  -1.6488395e-01   1.0852084e-01  -1.7956057e-01
   8.8592913e+00   1.4100000e+02   1.0896818e-01  -1.7601895e-01  -2.5636573e-02  -1.6720052e-01  -2.5819230e-02  -1.6571142e-01   1.1040431e-01  -1.7944004e-01
   8.9221231e+00   1.4200000e+02   1.1055225e-01  -1.7565969e-01  -2.5910664e-02  -1.6832203e-01  -2.6032756e-02  -1.6681379e-01   1.1187420e-01  -1.7920362e-01
   8.9849550e+00   1.4300000e+02   1.1181196e-01  -1.7526281e-01  -2.6008720e-02  -1.6954968e-01  -2.6075427e-02  -1.6803052e-01   1.1302232e-01  -1.7892654e-01
   9.0477868e+00   1.4400000e+02   1.1281806e-01  -1.7482743e-01  -2.5973408e-02  -1.7082840e-01  -2.5991565e-02  -1.6930101e-01   1.1392160e-01  -1.7860284e-01
   9.1106187e+00   1.4500000e+02   1.1351912e-01  -1.7429790e-01  -2.5665523e-02  -1.7220843e-01  -2.5643558e-02  -1.7069058e-01   1.1453221e-01  -1.7817793e-01
   9.1734505e+00   1.4600000e+02   1.1389821e-01  -1.7365272e-01  -2.5042358e-02  -1.7369341e-01  -2.4992068e-02  -1.7219836e-01   1.1483877e-01  -1.7762447e-01
   9.2362824e+00   1.4700000e+02   1.1404383e-01  -1.7293575e-01  -2.4223827e-02  -1.7521768e-01  -2.4156940e-02  -1.7374168e-01   1.1492048e-01  -1.7698210e-01
   9.2991143e+00   1.4800000e+02   1.1405672e-01  -1.7215723e-01  -2.3314300e-02  -1.7670217e-01  -2.3241170e-02  -1.7524244e-01   1.1488069e-01  -1.7626122e-01
   9.3619461e+00   1.4900000e+02   1.1381059e-01  -1.7126630e-01  -2.2024115e-02  -1.7825678e-01  -2.1971487e-02  -1.7676919e-01   1.1458026e-01  -1.7538556e-01
   9.4247780e+00   1.5000000e+02   1.1306891e-01  -1.7023198e-01  -1.9860586e-02  -1.8010181e-01  -1.9871674e-02  -1.7850159e-01   1.1376144e-01  -1.7430361e-01
   9.4876098e+00   1.5100000e+02   1.1195796e-01  -1.6912721e-01  -1.6936575e-02  -1.8217551e-01  -1.7057912e-02  -1.8035427e-01   1.1252842e-01  -1.7308517e-01
   9.5504417e+00   1.5200000e+02   1.1066154e-01  -1.6802607e-01  -1.3570370e-02  -1.8430758e-01  -1.3861244e-02  -1.8211833e-01   1.1104014e-01  -1.7178631e-01
   9.6132735e+00   1.5300000e+02   1.0914664e-01  -1.6697227e-01  -9.9061659e-03  -1.8633679e-01  -1.0438527e-02  -1.8363684e-01   1.0926673e-01  -1.7043752e-01
   9.6761054e+00   1.5400000e+02   1.0736332e-01  -1.6598593e-01  -6.0835487e-03  -1.8805930e-01  -6.9175907e-03  -1.8478910e-01   1.0720627e-01  -1.6908085e-01
   9.7389372e+00   1.5500000e+02   1.0540724e-01  -1.6506676e-01  -2.3729117e-03  -1.8926842e-01  -3.5429134e-03  -1.8545404e-01   1.0500858e-01  -1.6774968e-01
   9.8017691e+00   1.5600000e+02   1.0342369e-01  -1.6418648e-01   1.1505097e-03  -1.8997602e-01  -3.5237888e-04  -1.8571955e-01   1.0285769e-01  -1.6646752e-01
   9.8646009e+00   1.5700000e+02   1.0136141e-01  -1.6335910e-01   4.5163556e-03  -1.9029093e-01   2.7016241e-03  -1.8570999e-01   1.0070222e-01  -1.6527038e-01
   9.9274328e+00   1.5800000e+02   9.9035825e-02  -1.6264329e-01   7.7038570e-03  -1.9030999e-01   5.6071055e-03  -1.8551399e-01   9.8342711e-02  -1.6422159e-01
   9.9902646e+00   1.5900000e+02   9.6470796e-02  -1.6203813e-01   1.0758961e-02  -1.9013154e-01   8.4234515e-03  -1.8523454e-01   9.5799255e-02  -1.6333724e-01
   1.0053096e+01   1.6000000e+02   9.3856891e-02  -1.6150772e-01   1.3734132e-02  -1.8981353e-01   1.1209045e-02  -1.8492075e-01   9.3258571e-02  -1.6259162e-01
   1.0115928e+01   1.6100000e+02   9.1228295e-02  -1.6105444e-01   1.6677459e-02  -1.8944009e-01   1.3996230e-02  -1.8460574e-01   9.0723268e-02  -1.6196747e-01
   1.0178760e+01   1.6200000e+02   8.8615039e-02  -1.6066598e-01   1.9625056e-02  -1.8906704e-01   1.6807985e-02  -1.8431102e-01   8.8202542e-02  -1.6143679e-01
   1.0241592e+01   1.6300000e+02   8.6091820e-02  -1.6032186e-01   2.2579625e-02  -1.8870210e-01   1.9644025e-02  -1.8403611e-01   8.5768413e-02  -1.6097606e-01
   1.0304424e+01   1.6400000e+02   8.3697325e-02  -1.6000184e-01   2.5542969e-02  -1.8834990e-01   2.2502707e-02  -1.8377963e-01   8.3457711e-02  -1.6056079e-01
   1.0367256e+01   1.6500000e+02   8.1453354e-02  -1.5968781e-01   2.8520732e-02  -1.8800746e-01   2.5386513e-02  -1.8353517e-01   8.1292070e-02  -1.6016881e-01
   1.0430088e+01   1.6600000e+02   7.9260258e-02  -1.5939230e-01   3.1500448e-02  -1.8766951e-01   2.8285138e-02  -1.8330245e-01   7.9173614e-02  -1.5981241e-01
   1.0492919e+01   1.6700000e+02   7.6959520e-02  -1.5913473e-01   3.4460472e-02  -1.8733437e-01   3.1179966e-02  -1.8308487e-01   7.6944349e-02  -1.5951051e-01
   1.0555751e+01   1.6800000e+02   7.4628916e-02  -1.5890472e-01   3.7407637e-02  -1.8700076e-01   3.4078254e-02  -1.8287954e-01   7.4682968e-02  -1.5925427e-01
   1.0618583e+01   1.6900000e+02   7.2309698e-02  -1.5870219e-01   4.0343994e-02  -1.8666962e-01   3.6982725e-02  -1.8268595e-01   7.2430729e-02  -1.5904475e-01
   1.0681415e+01   1.7000000e+02   6.9995436e-02  -1.5852530e-01   4.3269195e-02  -1.8633799e-01   3.9891989e-02  -1.8249890e-01   7.0180575e-02  -1.5887821e-01
   1.0744247e+01   1.7100000e+02   6.7728154e-02  -1.5836883e-01   4.6188021e-02  -1.8599964e-01   4.2807891e-02  -1.8230742e-01   6.7973651e-02  -1.5874653e-01
   1.0807079e+01   1.7200000e+02   6.5520110e-02  -1.5822664e-01   4.9100142e-02  -1.8565860e-01   4.5728602e-02  -1.8211322e-01   6.5821119e-02  -1.5864175e-01
   1.0869911e+01   1.7300000e+02   6.3407049e-02  -1.5809013e-01   5.2007777e-02  -1.8531704e-01   4.8654539e-02  -1.8191626e-01   6.3758258e-02  -1.5855362e-01
   1.0932742e+01   1.7400000e+02   6.1333869e-02  -1.5796229e-01   5.4902365e-02  -1.8497743e-01   5.1577673e-02  -1.8171980e-01   6.1729465e-02  -1.5848432e-01
   1.0995574e+01   1.7500000e+02   5.8957434e-02  -1.5787118e-01   5.7741635e-02  -1.8465386e-01   5.4460646e-02  -1.8154257e-01   5.9386952e-02  -1.5846041e-01
   1.1058406e+01   1.7600000e+02   5.6128973e-02  -1.5783195e-01   6.0506397e-02  -1.8435400e-01   5.7285930e-02  -1.8139096e-01   5.6577652e-02  -1.5849591e-01
   1.1121238e+01   1.7700000e+02   5.3107413e-02  -1.5784966e-01   6.3224018e-02  -1.8407417e-01   6.0075084e-02  -1.8124999e-01   5.3558564e-02  -1.5859490e-01
   1.1184070e+01   1.7800000e+02   5.0123456e-02  -1.5791942e-01   6.5921233e-02  -1.8381077e-01   6.2848054e-02  -1.8110751e-01   5.0560012e-02  -1.5874957e-01
   1.1246902e+01   1.7900000e+02   4.7238329e-02  -1.5802666e-01   6.8606590e-02  -1.8356147e-01   6.5608567e-02  -1.8095838e-01   4.7643500e-02  -1.5894099e-01
   1.1309734e+01   1.8000000e+02   4.4427610e-02  -1.5815406e-01   7.1271551e-02  -1.8332210e-01   6.8344415e-02  -1.8079813e-01   4.4785248e-02  -1.5914681e-01
   1.1372565e+01   1.8100000e+02   4.1684530e-02  -1.5829130e-01   7.3915390e-02  -1.8309560e-01   7.1051740e-02  -1.8062878e-01   4.1978236e-02  -1.5935290e-01
   1.1435397e+01   1.8200000e+02   3.9055756e-02  -1.5843348e-01   7.6573146e-02  -1.8290206e-01   7.3764056e-02  -1.8046963e-01   3.9267319e-02  -1.5955394e-01
   1.1498229e+01   1.8300000e+02   3.6360132e-02  -1.5855887e-01   7.9183516e-02  -1.8271526e-01   7.6424569e-02  -1.8030385e-01   3.6477225e-02  -1.5972785e-01
   1.1561061e+01   1.8400000e+02   3.3364291e-02  -1.5863290e-01   8.1556618e-02  -1.8244006e-01   7.8856019e-02  -1.8005843e-01   3.3396131e-02  -1.5984567e-01
   1.1623893e+01   1.8500000e+02   3.0198046e-02  -1.5866600e-01   8.3647010e-02  -1.8204923e-01   8.1012746e-02  -1.7970726e-01   3.0161202e-02  -1.5992073e-01
   1.1686725e+01   1.8600000e+02   2.7165192e-02  -1.5870473e-01   8.5601378e-02  -1.8159897e-01   8.3035561e-02  -1.7929451e-01   2.7066429e-02  -1.6000297e-01
   1.1749557e+01   1.8700000e+02   2.4293586e-02  -1.5874295e-01   8.7462619e-02  -1.8111260e-01   8.4966471e-02  -1.7884290e-01   2.4137085e-02  -1.6008672e-01
   1.1812388e+01   1.8800000e+02   2.1544509e-02  -1.5876309e-01   8.9206303e-02  -1.8059738e-01   8.6778575e-02  -1.7835974e-01   2.1334729e-02  -1.6015070e-01
   1.1875220e+01   1.8900000e+02   1.8894107e-02  -1.5876894e-01   9.0796548e-02  -1.8004347e-01   8.8426185e-02  -1.7782839e-01   1.8634906e-02  -1.6018818e-01
   1.1938052e+01   1.9000000e+02   1.6319247e-02  -1.5873283e-01   9.2254543e-02  -1.7942669e-01   8.9929042e-02  -1.7722835e-01   1.6019191e-02  -1.6017047e-01
   1.2000884e+01   1.9100000e+02   1.3813083e-02  -1.5863961e-01   9.3595262e-02  -1.7870715e-01   9.1300515e-02  -1.7652321e-01   1.3486886e-02  -1.6008225e-01
   1.2063716e+01   1.9200000e+02   1.1399293e-02  -1.5861670e-01   9.4320313e-02  -1.7780775e-01   9.2061368e-02  -1.7565454e-01   1.1089599e-02  -1.6007140e-01
   1.2126548e+01   1.9300000e+02   9.0907269e-03  -1.5878423e-01   9.4063505e-02  -1.7672769e-01   9.1843039e-02  -1.7461634e-01   8.8468761e-03  -1.6025572e-01
   1.2189379e+01   1.9400000e+02   6.9512339e-03  -1.5909385e-01   9.3214542e-02  -1.7555014e-01   9.1032186e-02  -1.7348419e-01   6.8012272e-03  -1.6058676e-01
   1.2252211e+01   1.9500000e+02   4.9742664e-03  -1.5950226e-01   9.2042975e-02  -1.7433927e-01   8.9894752e-02  -1.7231502e-01   4.9291945e-03  -1.6101738e-01
   1.2315043e+01   1.9600000e+02   3.1487652e-03  -1.6002063e-01   9.0626577e-02  -1.7314759e-01   8.8507336e-02  -1.7115485e-01   3.2089042e-03  -1.6155628e-01
   1.2377875e+01   1.9700000e+02   1.4520917e-03  -1.6063171e-01   8.9042695e-02  -1.7199416e-01   8.6942169e-02  -1.7001713e-01   1.6120469e-03  -1.6217991e-01
   1.2440707e+01   1.9800000e+02  -1.3553149e-04  -1.6130777e-01   8.7348327e-02  -1.7089828e-01   8.5261231e-02  -1.6892527e-01   1.1703472e-04  -1.6286454e-01
   1.2503539e+01   1.9900000e+02  -1.5748245e-03  -1.6210594e-01   8.5439064e-02  -1.6989250e-01   8.3367199e-02  -1.6791345e-01  -1.2379329e-03  -1.6367367e-01
   1.2566371e+01   2.0000000e+02  -2.2568118e-03  -1.6652957e-01   7.6719869e-02  -1.6855632e-01   7.4781782e-02  -1.6647719e-01  -1.7798067e-03  -1.6822311e-01
