  -6.2831853e+00  -1.0000000e+02  -4.6285891e-02  -1.9276430e-01   8.8834195e-02  -1.8734960e-01   9.3929810e-02  -1.9804227e-01  -4.5181559e-02  -1.9131908e-01
  -6.2203535e+00  -9.9000000e+01  -4.6732667e-02  -1.9572515e-01   9.0538700e-02  -1.8712093e-01   9.5263720e-02  -1.9731191e-01  -4.5512040e-02  -1.9362920e-01
  -6.1575216e+00  -9.8000000e+01  -4.6852768e-02  -1.9873570e-01   9.2034059e-02  -1.8689555e-01   9.6392124e-02  -1.9659451e-01  -4.5506131e-02  -1.9597386e-01
  -6.0946897e+00  -9.7000000e+01  -4.6684901e-02  -2.0161255e-01   9.3311611e-02  -1.8665396e-01   9.7333814e-02  -1.9589752e-01  -4.5218141e-02  -1.9820778e-01
  -6.0318579e+00  -9.6000000e+01  -4.6264823e-02  -2.0419447e-01   9.4365301e-02  -1.8637442e-01   9.8110098e-02  -1.9522437e-01  -4.4698220e-02  -2.0020004e-01
  -5.9690260e+00  -9.5000000e+01  -4.5597258e-02  -2.0645479e-01   9.5253399e-02  -1.8604335e-01   9.8796096e-02  -1.9456957e-01  -4.3956832e-02  -2.0192839e-01
  -5.9061942e+00  -9.4000000e+01  -4.4581596e-02  -2.0851638e-01   9.5989027e-02  -1.8563674e-01   9.9402650e-02  -1.9389494e-01  -4.2893150e-02  -2.0347947e-01
  -5.8433623e+00  -9.3000000e+01  -4.2768617e-02  -2.1066830e-01   9.6158686e-02  -1.8504352e-01   9.9476949e-02  -1.9304114e-01  -4.1067809e-02  -2.0501351e-01
  -5.7805305e+00  -9.2000000e+01  -4.0040806e-02  -2.1285817e-01   9.5519538e-02  -1.8422015e-01   9.8765613e-02  -1.9195955e-01  -3.8383175e-02  -2.0645802e-01
  -5.7176986e+00  -9.1000000e+01  -3.6833106e-02  -2.1470348e-01   9.4293683e-02  -1.8322741e-01   9.7523615e-02  -1.9076025e-01  -3.5284357e-02  -2.0754847e-01
  -5.6548668e+00  -9.0000000e+01  -3.3627207e-02  -2.1584069e-01   9.2639476e-02  -1.8212268e-01   9.5935094e-02  -1.8955085e-01  -3.2251629e-02  -2.0802906e-01
  -5.5920349e+00  -8.9000000e+01  -3.0630209e-02  -2.1613976e-01   9.0683857e-02  -1.8094969e-01   9.4149541e-02  -1.8840639e-01  -2.9479546e-02  -2.0781789e-01
  -5.5292031e+00  -8.8000000e+01  -2.7723613e-02  -2.1588235e-01   8.8569480e-02  -1.7976041e-01   9.2287906e-02  -1.8734740e-01  -2.6825569e-02  -2.0715490e-01
  -5.4663712e+00  -8.7000000e+01  -2.4784290e-02  -2.1540782e-01   8.6369231e-02  -1.7858699e-01   9.0372647e-02  -1.8634939e-01  -2.4148318e-02  -2.0631662e-01
  -5.4035394e+00  -8.6000000e+01  -2.1800223e-02  -2.1488103e-01   8.4115175e-02  -1.7743420e-01   8.8401919e-02  -1.8538302e-01  -2.1428799e-02  -2.0543592e-01
  -5.3407075e+00  -8.5000000e+01  -1.8838969e-02  -2.1437655e-01   8.1451115e-02  -1.7639167e-01   8.5929312e-02  -1.8448547e-01  -1.8717022e-02  -2.0456941e-01
  -5.2778757e+00  -8.4000000e+01  -1.5966031e-02  -2.1393802e-01   7.7938144e-02  -1.7555411e-01   8.2417977e-02  -1.8369512e-01  -1.6057890e-02  -2.0374984e-01
  -5.2150438e+00  -8.3000000e+01  -1.3144815e-02  -2.1356047e-01   7.3830466e-02  -1.7488142e-01   7.8169001e-02  -1.8298753e-01  -1.3416955e-02  -2.0298712e-01
  -5.1522120e+00  -8.2000000e+01  -1.0322248e-02  -2.1322608e-01   6.9511946e-02  -1.7432489e-01   7.3642889e-02  -1.8234892e-01  -1.0748452e-02  -2.0228213e-01
  -5.0893801e+00  -8.1000000e+01  -7.4741755e-03  -2.1293008e-01   6.5165546e-02  -1.7386212e-01   6.9059479e-02  -1.8177363e-01  -8.0324209e-03  -2.0163646e-01
  -5.0265482e+00  -8.0000000e+01  -4.5883251e-03  -2.1266094e-01   6.0889468e-02  -1.7346961e-01   6.4540045e-02  -1.8125087e-01  -5.2617404e-03  -2.0103962e-01
  -4.9637164e+00  -7.9000000e+01  -1.6799924e-03  -2.1240665e-01   5.6607473e-02  -1.7313318e-01   5.9998902e-02  -1.8075933e-01  -2.4522209e-03  -2.0047557e-01
  -4.9008845e+00  -7.8000000e+01   1.2331669e-03  -2.1215825e-01   5.2231818e-02  -1.7283922e-01   5.5336446e-02  -1.8027439e-01   3.7969181e-04  -1.9993207e-01
  -4.8380527e+00  -7.7000000e+01   4.1353281e-03  -2.1190698e-01   4.7692462e-02  -1.7258091e-01   5.0474621e-02  -1.7977901e-01   3.2213828e-03  -1.9940044e-01
  -4.7752208e+00  -7.6000000e+01   6.9889866e-03  -2.1164743e-01   4.2801992e-02  -1.7236610e-01   4.5197928e-02  -1.7925107e-01   6.0471574e-03  -1.9887733e-01
  -4.7123890e+00  -7.5000000e+01   9.8007298e-03  -2.1137659e-01   3.7641320e-02  -1.7218445e-01   3.9608700e-02  -1.7868647e-01   8.8644645e-03  -1.9836423e-01
  -4.6495571e+00  -7.4000000e+01   1.2623882e-02  -2.1108728e-01   3.2557056e-02  -1.7202985e-01   3.4118868e-02  -1.7813340e-01   1.1713350e-02  -1.9785908e-01
  -4.5867253e+00  -7.3000000e+01   1.5478031e-02  -2.1077621e-01   2.7674009e-02  -1.7188837e-01   2.8875363e-02  -1.7760264e-01   1.4603908e-02  -1.9735442e-01
  -4.5238934e+00  -7.2000000e+01   1.8362654e-02  -2.1044829e-01   2.2990269e-02  -1.7173870e-01   2.3874067e-02  -1.7707456e-01   1.7529923e-02  -1.9684661e-01
  -4.4610616e+00  -7.1000000e+01   2.1267524e-02  -2.1010864e-01   1.8447749e-02  -1.7156428e-01   1.9046040e-02  -1.7652331e-01   2.0479863e-02  -1.9633417e-01
  -4.3982297e+00  -7.0000000e+01   2.4184323e-02  -2.0976107e-01   1.4001102e-02  -1.7134968e-01   1.4338195e-02  -1.7592523e-01   2.3444436e-02  -1.9581595e-01
  -4.3353979e+00  -6.9000000e+01   2.7119841e-02  -2.0940357e-01   9.6946800e-03  -1.7109021e-01   9.8007546e-03  -1.7528564e-01   2.6425292e-02  -1.9528719e-01
  -4.2725660e+00  -6.8000000e+01   3.0070512e-02  -2.0903663e-01   5.5298996e-03  -1.7079557e-01   5.4338165e-03  -1.7461642e-01   2.9418940e-02  -1.9474831e-01
  -4.2097342e+00  -6.7000000e+01   3.3024524e-02  -2.0866525e-01   1.4698530e-03  -1.7047834e-01   1.1939420e-03  -1.7392338e-01   3.2417534e-02  -1.9420508e-01
  -4.1469023e+00  -6.6000000e+01   3.5987228e-02  -2.0828631e-01  -2.4414695e-03  -1.7014336e-01  -2.8702178e-03  -1.7322246e-01   3.5422329e-02  -1.9365330e-01
  -4.0840704e+00  -6.5000000e+01   3.8963474e-02  -2.0789366e-01  -6.1697073e-03  -1.6978692e-01  -6.7216537e-03  -1.7251977e-01   3.8432625e-02  -1.9308469e-01
  -4.0212386e+00  -6.4000000e+01   4.1949242e-02  -2.0748849e-01  -9.7290442e-03  -1.6939773e-01  -1.0378719e-02  -1.7180066e-01   4.1441796e-02  -1.9249742e-01
  -3.9584067e+00  -6.3000000e+01   4.4937130e-02  -2.0707399e-01  -1.3131564e-02  -1.6899241e-01  -1.3857097e-02  -1.7108008e-01   4.4445017e-02  -1.9189631e-01
  -3.8955749e+00  -6.2000000e+01   4.7920302e-02  -2.0664980e-01  -1.6375759e-02  -1.6860730e-01  -1.7156685e-02  -1.7039892e-01   4.7440433e-02  -1.9128594e-01
  -3.8327430e+00  -6.1000000e+01   5.0898347e-02  -2.0621745e-01  -1.9483159e-02  -1.6820112e-01  -2.0302963e-02  -1.6970751e-01   5.0420983e-02  -1.9066097e-01
  -3.7699112e+00  -6.0000000e+01   5.3867226e-02  -2.0578010e-01  -2.2454555e-02  -1.6778752e-01  -2.3298372e-02  -1.6901956e-01   5.3384066e-02  -1.9002580e-01
  -3.7070793e+00  -5.9000000e+01   5.6811683e-02  -2.0534314e-01  -2.5198431e-02  -1.6761626e-01  -2.6045101e-02  -1.6862886e-01   5.6348648e-02  -1.8941791e-01
  -3.6442475e+00  -5.8000000e+01   5.9722080e-02  -2.0490969e-01  -2.7696913e-02  -1.6778434e-01  -2.8526385e-02  -1.6864866e-01   5.9319432e-02  -1.8885071e-01
  -3.5814156e+00  -5.7000000e+01   6.2595727e-02  -2.0447509e-01  -3.0040075e-02  -1.6814202e-01  -3.0841159e-02  -1.6889904e-01   6.2276057e-02  -1.8829997e-01
  -3.5185838e+00  -5.6000000e+01   6.5426599e-02  -2.0403894e-01  -3.2292629e-02  -1.6861120e-01  -3.3059771e-02  -1.6928205e-01   6.5205703e-02  -1.8775601e-01
  -3.4557519e+00  -5.5000000e+01   6.8211324e-02  -2.0360827e-01  -3.4405522e-02  -1.6929915e-01  -3.5130951e-02  -1.6992534e-01   6.8118698e-02  -1.8723659e-01
  -3.3929201e+00  -5.4000000e+01   7.0957024e-02  -2.0318177e-01  -3.6268714e-02  -1.7032468e-01  -3.6939103e-02  -1.7098330e-01   7.1030129e-02  -1.8675022e-01
  -3.3300882e+00  -5.3000000e+01   7.3656034e-02  -2.0276060e-01  -3.7959563e-02  -1.7159006e-01  -3.8567643e-02  -1.7233178e-01   7.3924361e-02  -1.8628679e-01
  -3.2672564e+00  -5.2000000e+01   7.6299008e-02  -2.0235376e-01  -3.9595097e-02  -1.7298809e-01  -4.0141048e-02  -1.7382661e-01   7.6787520e-02  -1.8584389e-01
  -3.2044245e+00  -5.1000000e+01   7.8926368e-02  -2.0193412e-01  -4.0879864e-02  -1.7465266e-01  -4.1346687e-02  -1.7567609e-01   7.9646426e-02  -1.8540236e-01
  -3.1415927e+00  -5.0000000e+01   8.1573967e-02  -2.0146407e-01  -4.1417783e-02  -1.7675069e-01  -4.1765335e-02  -1.7813889e-01   8.2518453e-02  -1.8493615e-01
  -3.0787608e+00  -4.9000000e+01   8.4199298e-02  -2.0097369e-01  -4.1325383e-02  -1.7919756e-01  -4.1518512e-02  -1.8107919e-01   8.5366437e-02  -1.8446901e-01
  -3.0159289e+00  -4.8000000e+01   8.6749520e-02  -2.0050089e-01  -4.0785123e-02  -1.8187114e-01  -4.0797223e-02  -1.8430933e-01   8.8145126e-02  -1.8403088e-01
  -2.9530971e+00  -4.7000000e+01   8.9091190e-02  -1.9999132e-01  -3.9647898e-02  -1.8475809e-01  -3.9439316e-02  -1.8785452e-01   9.0716714e-02  -1.8359151e-01
  -2.8902652e+00  -4.6000000e+01   9.1068345e-02  -1.9939096e-01  -3.7790948e-02  -1.8783354e-01  -3.7306410e-02  -1.9172229e-01   9.2926061e-02  -1.8312587e-01
  -2.8274334e+00  -4.5000000e+01   9.2709810e-02  -1.9875365e-01  -3.5407059e-02  -1.9096923e-01  -3.4596790e-02  -1.9571287e-01   9.4803626e-02  -1.8267061e-01
  -2.7646015e+00  -4.4000000e+01   9.4135844e-02  -1.9812689e-01  -3.2679157e-02  -1.9399355e-01  -3.1502665e-02  -1.9958415e-01   9.6448954e-02  -1.8223847e-01
  -2.7017697e+00  -4.3000000e+01   9.5291348e-02  -1.9744467e-01  -2.9611481e-02  -1.9676344e-01  -2.8024097e-02  -2.0320469e-01   9.7783145e-02  -1.8176993e-01
  -2.6389378e+00  -4.2000000e+01   9.5869516e-02  -1.9653979e-01  -2.6175710e-02  -1.9909640e-01  -2.4121970e-02  -2.0645520e-01   9.8483510e-02  -1.8115127e-01
  -2.5761060e+00  -4.1000000e+01   9.5840873e-02  -1.9538047e-01  -2.2549745e-02  -2.0078460e-01  -1.9985622e-02  -2.0910539e-01   9.8494096e-02  -1.8034320e-01
  -2.5132741e+00  -4.0000000e+01   9.5378090e-02  -1.9407722e-01  -1.8890647e-02  -2.0189353e-01  -1.5789239e-02  -2.1116859e-01   9.7999764e-02  -1.7942357e-01
  -2.4504423e+00  -3.9000000e+01   9.4396358e-02  -1.9271197e-01  -1.5239461e-02  -2.0258820e-01  -1.1585661e-02  -2.1279932e-01   9.6962160e-02  -1.7849127e-01
  -2.3876104e+00  -3.8000000e+01   9.2908530e-02  -1.9136249e-01  -1.1670114e-02  -2.0295624e-01  -7.4662622e-03  -2.1406027e-01   9.5416935e-02  -1.7761869e-01
  -2.3247786e+00  -3.7000000e+01   9.1154896e-02  -1.9011370e-01  -8.4147513e-03  -2.0291012e-01  -3.7027810e-03  -2.1480551e-01   9.3575819e-02  -1.7682953e-01
  -2.2619467e+00  -3.6000000e+01   8.9348920e-02  -1.8900767e-01  -5.5981444e-03  -2.0242054e-01  -4.4379914e-04  -2.1498325e-01   9.1628570e-02  -1.7611946e-01
  -2.1991149e+00  -3.5000000e+01   8.7600883e-02  -1.8803042e-01  -2.9502457e-03  -2.0170310e-01   2.6203103e-03  -2.1485355e-01   8.9702056e-02  -1.7548296e-01
  -2.1362830e+00  -3.4000000e+01   8.5630302e-02  -1.8719642e-01  -3.2004225e-04  -2.0090358e-01   5.6495792e-03  -2.1458759e-01   8.7562119e-02  -1.7498893e-01
  -2.0734512e+00  -3.3000000e+01   8.3178837e-02  -1.8651466e-01   2.2592541e-03  -2.0007509e-01   8.5930470e-03  -2.1423894e-01   8.4985599e-02  -1.7468643e-01
  -2.0106193e+00  -3.2000000e+01   8.0373635e-02  -1.8596710e-01   4.8122132e-03  -1.9926330e-01   1.1482158e-02  -2.1385523e-01   8.2094962e-02  -1.7454593e-01
  -1.9477874e+00  -3.1000000e+01   7.7071937e-02  -1.8552512e-01   7.3382561e-03  -1.9848706e-01   1.4309760e-02  -2.1346160e-01   7.8761176e-02  -1.7456442e-01
  -1.8849556e+00  -3.0000000e+01   7.3298236e-02  -1.8515071e-01   9.8400616e-03  -1.9775149e-01   1.7079355e-02  -2.1306724e-01   7.5003795e-02  -1.7470557e-01
  -1.8221237e+00  -2.9000000e+01   6.9344200e-02  -1.8482513e-01   1.2346649e-02  -1.9705790e-01   1.9835373e-02  -2.1267374e-01   7.1085557e-02  -1.7491197e-01
  -1.7592919e+00  -2.8000000e+01   6.5379221e-02  -1.8453718e-01   1.4873225e-02  -1.9640539e-01   2.2602850e-02  -2.1228287e-01   6.7159604e-02  -1.7515033e-01
  -1.6964600e+00  -2.7000000e+01   6.1513871e-02  -1.8427336e-01   1.7426357e-02  -1.9578379e-01   2.5396695e-02  -2.1189038e-01   6.3325441e-02  -1.7539305e-01
  -1.6336282e+00  -2.6000000e+01   5.7608835e-02  -1.8400124e-01   1.9988610e-02  -1.9518639e-01   2.8193129e-02  -2.1149674e-01   5.9453613e-02  -1.7563143e-01
  -1.5707963e+00  -2.5000000e+01   5.3329461e-02  -1.8367459e-01   2.2526618e-02  -1.9462050e-01   3.0936039e-02  -2.1111063e-01   5.5233308e-02  -1.7587236e-01
  -1.5079645e+00  -2.4000000e+01   4.8573427e-02  -1.8327085e-01   2.5029698e-02  -1.9408157e-01   3.3602008e-02  -2.1072249e-01   5.0561823e-02  -1.7610768e-01
  -1.4451326e+00  -2.3000000e+01   4.3352706e-02  -1.8280594e-01   2.7499651e-02  -1.9356791e-01   3.6181281e-02  -2.1031680e-01   4.5440312e-02  -1.7634463e-01
  -1.3823008e+00  -2.2000000e+01   3.7922404e-02  -1.8231053e-01   2.9961453e-02  -1.9308837e-01   3.8709373e-02  -2.0989789e-01   4.0102317e-02  -1.7657347e-01
  -1.3194689e+00  -2.1000000e+01   3.2610668e-02  -1.8182892e-01   3.2445175e-02  -1.9264385e-01   4.1238867e-02  -2.0947114e-01   3.4855733e-02  -1.7678762e-01
  -1.2566371e+00  -2.0000000e+01   2.7486989e-02  -1.8135781e-01   3.4952224e-02  -1.9222376e-01   4.3780082e-02  -2.0903534e-01   2.9767103e-02  -1.7697414e-01
  -1.1938052e+00  -1.9000000e+01   2.2582811e-02  -1.8088717e-01   3.7479753e-02  -1.9181624e-01   4.6337558e-02  -2.0858853e-01   2.4868179e-02  -1.7712006e-01
  -1.1309734e+00  -1.8000000e+01   1.7864812e-02  -1.8040024e-01   4.0020627e-02  -1.9141806e-01   4.8905270e-02  -2.0813419e-01   2.0130006e-02  -1.7721648e-01
  -1.0681415e+00  -1.7000000e+01   1.3225824e-02  -1.7987228e-01   4.2562370e-02  -1.9103096e-01   5.1462395e-02  -2.0767505e-01   1.5450998e-02  -1.7725627e-01
  -1.0053096e+00  -1.6000000e+01   8.6017167e-03  -1.7933791e-01   4.5098874e-02  -1.9066255e-01   5.3987274e-02  -2.0720642e-01   1.0768926e-02  -1.7727332e-01
  -9.4247780e-01  -1.5000000e+01   4.0631232e-03  -1.7888847e-01   4.7638239e-02  -1.9032545e-01   5.6480981e-02  -2.0672739e-01   6.1544617e-03  -1.7733281e-01
  -8.7964594e-01  -1.4000000e+01  -2.9347050e-04  -1.7853035e-01   5.0186829e-02  -1.9001242e-01   5.8964611e-02  -2.0624259e-01   1.7053306e-03  -1.7743002e-01
  -8.1681409e-01  -1.3000000e+01  -4.4543076e-03  -1.7821937e-01   5.2740450e-02  -1.8970880e-01   6.1446749e-02  -2.0575368e-01  -2.5622353e-03  -1.7752880e-01
  -7.5398224e-01  -1.2000000e+01  -8.4324350e-03  -1.7794062e-01   5.5293977e-02  -1.8941067e-01   6.3925289e-02  -2.0526261e-01  -6.6581185e-03  -1.7762015e-01
  -6.9115038e-01  -1.1000000e+01  -1.2227288e-02  -1.7769157e-01   5.7843984e-02  -1.8911696e-01   6.6399527e-02  -2.0477214e-01  -1.0578691e-02  -1.7770427e-01
  -6.2831853e-01  -1.0000000e+01  -1.5855833e-02  -1.7743874e-01   6.0384534e-02  -1.8882149e-01   6.8868768e-02  -2.0428420e-01  -1.4339201e-02  -1.7775805e-01
  -5.6548668e-01  -9.0000000e+00  -1.9345399e-02  -1.7717201e-01   6.2910443e-02  -1.8852071e-01   7.1326717e-02  -2.0379631e-01  -1.7965944e-02  -1.7777671e-01
  -5.0265482e-01  -8.0000000e+00  -2.2632403e-02  -1.7723943e-01   6.5442005e-02  -1.8825855e-01   7.3745557e-02  -2.0329020e-01  -2.1383224e-02  -1.7803004e-01
  -4.3982297e-01  -7.0000000e+00  -2.5664719e-02  -1.7795619e-01   6.7999481e-02  -1.8807785e-01   7.6102770e-02  -2.0275754e-01  -2.4521753e-02  -1.7876445e-01
  -3.7699112e-01  -6.0000000e+00  -2.8539321e-02  -1.7908645e-01   7.0562928e-02  -1.8795598e-01   7.8404043e-02  -2.0221925e-01  -2.7478508e-02  -1.7980535e-01
  -3.1415927e-01  -5.0000000e+00  -3.1331766e-02  -1.8042429e-01   7.3114756e-02  -1.8787081e-01   8.0654597e-02  -2.0168899e-01  -3.0332572e-02  -1.8099854e-01
  -2.5132741e-01  -4.0000000e+00  -3.4064057e-02  -1.8191241e-01   7.5649794e-02  -1.8781463e-01   8.2855796e-02  -2.0116966e-01  -3.3106183e-02  -1.8230183e-01
  -1.8849556e-01  -3.0000000e+00  -3.6755396e-02  -1.8347096e-01   7.8159412e-02  -1.8777761e-01   8.5009432e-02  -2.0066557e-01  -3.5820825e-02  -1.8365494e-01
  -1.2566371e-01  -2.0000000e+00  -3.9400696e-02  -1.8505571e-01   8.0637437e-02  -1.8775056e-01   8.7118190e-02  -2.0017677e-01  -3.8473273e-02  -1.8502357e-01
  -6.2831853e-02  -1.0000000e+00  -4.1961029e-02  -1.8669724e-01   8.3085970e-02  -1.8772634e-01   8.9187164e-02  -1.9969493e-01  -4.1023435e-02  -1.8643002e-01
   0.0000000e+00   0.0000000e+00  -4.6285891e-02  -1.9276430e-01   8.8834195e-02  -1.8734960e-01   9.3929810e-02  -1.9804227e-01  -4.5181559e-02  -1.9131908e-01
   0.0000000e+00   0.0000000e+00  -4.6285891e-02  -1.9276430e-01   8.8834195e-02  -1.8734960e-01   9.3929810e-02  -1.9804227e-01  -4.5181559e-02  -1.9131908e-01
   6.2831853e-02   1.0000000e+00  -4.6732667e-02  -1.9572515e-01   9.0538700e-02  -1.8712093e-01   9.5263720e-02  -1.9731191e-01  -4.5512040e-02  -1.9362920e-01
   1.2566371e-01   2.0000000e+00  -4.6852768e-02  -1.9873570e-01   9.2034059e-02  -1.8689555e-01   9.6392124e-02  -1.9659451e-01  -4.5506131e-02  -1.9597386e-01
   1.8849556e-01   3.0000000e+00  -4.6684901e-02  -2.0161255e-01   9.3311611e-02  -1.8665396e-01   9.7333814e-02  -1.9589752e-01  -4.5218141e-02  -1.9820778e-01
   2.5132741e-01   4.0000000e+00  -4.6264823e-02  -2.0419447e-01   9.4365301e-02  -1.8637442e-01   9.8110098e-02  -1.9522437e-01  -4.4698220e-02  -2.0020004e-01
   3.1415927e-01   5.0000000e+00  -4.5597258e-02  -2.0645479e-01   9.5253399e-02  -1.8604335e-01   9.8796096e-02  -1.9456957e-01  -4.3956832e-02  -2.0192839e-01
   3.7699112e-01   6.0000000e+00  -4.4581596e-02  -2.0851638e-01   9.5989027e-02  -1.8563674e-01   9.9402650e-02  -1.9389494e-01  -4.2893150e-02  -2.0347947e-01
   4.3982297e-01   7.0000000e+00  -4.2768617e-02  -2.1066830e-01   9.6158686e-02  -1.8504352e-01   9.9476949e-02  -1.9304114e-01  -4.1067809e-02  -2.0501351e-01
   5.0265482e-01   8.0000000e+00  -4.0040806e-02  -2.1285817e-01   9.5519538e-02  -1.8422015e-01   9.8765613e-02  -1.9195955e-01  -3.8383175e-02  -2.0645802e-01
   5.6548668e-01   9.0000000e+00  -3.6833106e-02  -2.1470348e-01   9.4293683e-02  -1.8322741e-01   9.7523615e-02  -1.9076025e-01  -3.5284357e-02  -2.0754847e-01
   6.2831853e-01   1.0000000e+01  -3.3627207e-02  -2.1584069e-01   9.2639476e-02  -1.8212268e-01   9.5935094e-02  -1.8955085e-01  -3.2251629e-02  -2.0802906e-01
   6.9115038e-01   1.1000000e+01  -3.0630209e-02  -2.1613976e-01   9.0683857e-02  -1.8094969e-01   9.4149541e-02  -1.8840639e-01  -2.9479546e-02  -2.0781789e-01
   7.5398224e-01   1.2000000e+01  -2.7723613e-02  -2.1588235e-01   8.8569480e-02  -1.7976041e-01   9.2287906e-02  -1.8734740e-01  -2.6825569e-02  -2.0715490e-01
   8.1681409e-01   1.3000000e+01  -2.4784290e-02  -2.1540782e-01   8.6369231e-02  -1.7858699e-01   9.0372647e-02  -1.8634939e-01  -2.4148318e-02  -2.0631662e-01
   8.7964594e-01   1.4000000e+01  -2.1800223e-02  -2.1488103e-01   8.4115175e-02  -1.7743420e-01   8.8401919e-02  -1.8538302e-01  -2.1428799e-02  -2.0543592e-01
   9.4247780e-01   1.5000000e+01  -1.8838969e-02  -2.1437655e-01   8.1451115e-02  -1.7639167e-01   8.5929312e-02  -1.8448547e-01  -1.8717022e-02  -2.0456941e-01
   1.0053096e+00   1.6000000e+01  -1.5966031e-02  -2.1393802e-01   7.7938144e-02  -1.7555411e-01   8.2417977e-02  -1.8369512e-01  -1.6057890e-02  -2.0374984e-01
   1.0681415e+00   1.7000000e+01  -1.3144815e-02  -2.1356047e-01   7.3830466e-02  -1.7488142e-01   7.8169001e-02  -1.8298753e-01  -1.3416955e-02  -2.0298712e-01
   1.1309734e+00   1.8000000e+01  -1.0322248e-02  -2.1322608e-01   6.9511946e-02  -1.7432489e-01   7.3642889e-02  -1.8234892e-01  -1.0748452e-02  -2.0228213e-01
   1.1938052e+00   1.9000000e+01  -7.4741755e-03  -2.1293008e-01   6.5165546e-02  -1.7386212e-01   6.9059479e-02  -1.8177363e-01  -8.0324209e-03  -2.0163646e-01
   1.2566371e+00   2.0000000e+01  -4.5883251e-03  -2.1266094e-01   6.0889468e-02  -1.7346961e-01   6.4540045e-02  -1.8125087e-01  -5.2617404e-03  -2.0103962e-01
   1.3194689e+00   2.1000000e+01  -1.6799924e-03  -2.1240665e-01   5.6607473e-02  -1.7313318e-01   5.9998902e-02  -1.8075933e-01  -2.4522209e-03  -2.0047557e-01
   1.3823008e+00   2.2000000e+01   1.2331669e-03  -2.1215825e-01   5.2231818e-02  -1.7283922e-01   5.5336446e-02  -1.8027439e-01   3.7969181e-04  -1.9993207e-01
   1.4451326e+00   2.3000000e+01   4.1353281e-03  -2.1190698e-01   4.7692462e-02  -1.7258091e-01   5.0474621e-02  -1.7977901e-01   3.2213828e-03  -1.9940044e-01
   1.5079645e+00   2.4000000e+01   6.9889866e-03  -2.1164743e-01   4.2801992e-02  -1.7236610e-01   4.5197928e-02  -1.7925107e-01   6.0471574e-03  -1.9887733e-01
   1.5707963e+00   2.5000000e+01   9.8007298e-03  -2.1137659e-01   3.7641320e-02  -1.7218445e-01   3.9608700e-02  -1.7868647e-01   8.8644645e-03  -1.9836423e-01
   1.6336282e+00   2.6000000e+01   1.2623882e-02  -2.1108728e-01   3.2557056e-02  -1.7202985e-01   3.4118868e-02  -1.7813340e-01   1.1713350e-02  -1.9785908e-01
   1.6964600e+00   2.7000000e+01   1.5478031e-02  -2.1077621e-01   2.7674009e-02  -1.7188837e-01   2.8875363e-02  -1.7760264e-01   1.4603908e-02  -1.9735442e-01
   1.7592919e+00   2.8000000e+01   1.8362654e-02  -2.1044829e-01   2.2990269e-02  -1.7173870e-01   2.3874067e-02  -1.7707456e-01   1.7529923e-02  -1.9684661e-01
   1.8221237e+00   2.9000000e+01   2.1267524e-02  -2.1010864e-01   1.8447749e-02  -1.7156428e-01   1.9046040e-02  -1.7652331e-01   2.0479863e-02  -1.9633417e-01
   1.8849556e+00   3.0000000e+01   2.4184323e-02  -2.0976107e-01   1.4001102e-02  -1.7134968e-01   1.4338195e-02  -1.7592523e-01   2.3444436e-02  -1.9581595e-01
   1.9477874e+00   3.1000000e+01   2.7119841e-02  -2.0940357e-01   9.6946800e-03  -1.7109021e-01   9.8007546e-03  -1.7528564e-01   2.6425292e-02  -1.9528719e-01
   2.0106193e+00   3.2000000e+01   3.0070512e-02  -2.0903663e-01   5.5298996e-03  -1.7079557e-01   5.4338165e-03  -1.7461642e-01   2.9418940e-02  -1.9474831e-01
   2.0734512e+00   3.3000000e+01   3.3024524e-02  -2.0866525e-01   1.4698530e-03  -1.7047834e-01   1.1939420e-03  -1.7392338e-01   3.2417534e-02  -1.9420508e-01
   2.1362830e+00   3.4000000e+01   3.5987228e-02  -2.0828631e-01  -2.4414695e-03  -1.7014336e-01  -2.8702178e-03  -1.7322246e-01   3.5422329e-02  -1.9365330e-01
   2.1991149e+00   3.5000000e+01   3.8963474e-02  -2.0789366e-01  -6.1697073e-03  -1.6978692e-01  -6.7216537e-03  -1.7251977e-01   3.8432625e-02  -1.9308469e-01
   2.2619467e+00   3.6000000e+01   4.1949242e-02  -2.0748849e-01  -9.7290442e-03  -1.6939773e-01  -1.0378719e-02  -1.7180066e-01   4.1441796e-02  -1.9249742e-01
   2.3247786e+00   3.7000000e+01   4.4937130e-02  -2.0707399e-01  -1.3131564e-02  -1.6899241e-01  -1.3857097e-02  -1.7108008e-01   4.4445017e-02  -1.9189631e-01
   2.3876104e+00   3.8000000e+01   4.7920302e-02  -2.0664980e-01  -1.6375759e-02  -1.6860730e-01  -1.7156685e-02  -1.7039892e-01   4.7440433e-02  -1.9128594e-01
   2.4504423e+00   3.9000000e+01   5.0898347e-02  -2.0621745e-01  -1.9483159e-02  -1.6820112e-01  -2.0302963e-02  -1.6970751e-01   5.0420983e-02  -1.9066097e-01
   2.5132741e+00   4.0000000e+01   5.3867226e-02  -2.0578010e-01  -2.2454555e-02  -1.6778752e-01  -2.3298372e-02  -1.6901956e-01   5.3384066e-02  -1.9002580e-01
   2.5761060e+00   4.1000000e+01   5.6811683e-02  -2.0534314e-01  -2.5198431e-02  -1.6761626e-01  -2.6045101e-02  -1.6862886e-01   5.6348648e-02  -1.8941791e-01
   2.6389378e+00   4.2000000e+01   5.9722080e-02  -2.0490969e-01  -2.7696913e-02  -1.6778434e-01  -2.8526385e-02  -1.6864866e-01   5.9319432e-02  -1.8885071e-01
   2.7017697e+00   4.3000000e+01   6.2595727e-02  -2.0447509e-01  -3.0040075e-02  -1.6814202e-01  -3.0841159e-02  -1.6889904e-01   6.2276057e-02  -1.8829997e-01
   2.7646015e+00   4.4000000e+01   6.5426599e-02  -2.0403894e-01  -3.2292629e-02  -1.6861120e-01  -3.3059771e-02  -1.6928205e-01   6.5205703e-02  -1.8775601e-01
   2.8274334e+00   4.5000000e+01   6.8211324e-02  -2.0360827e-01  -3.4405522e-02  -1.6929915e-01  -3.5130951e-02  -1.6992534e-01   6.8118698e-02  -1.8723659e-01
   2.8902652e+00   4.6000000e+01   7.0957024e-02  -2.0318177e-01  -3.6268714e-02  -1.7032468e-01  -3.6939103e-02  -1.7098330e-01   7.1030129e-02  -1.8675022e-01
   2.9530971e+00   4.7000000e+01   7.3656034e-02  -2.0276060e-01  -3.7959563e-02  -1.7159006e-01  -3.8567643e-02  -1.7233178e-01   7.3924361e-02  -1.8628679e-01
   3.0159289e+00   4.8000000e+01   7.6299008e-02  -2.0235376e-01  -3.9595097e-02  -1.7298809e-01  -4.0141048e-02  -1.7382661e-01   7.6787520e-02  -1.8584389e-01
   3.0787608e+00   4.9000000e+01   7.8926368e-02  -2.0193412e-01  -4.0879864e-02  -1.7465266e-01  -4.1346687e-02  -1.7567609e-01   7.9646426e-02  -1.8540236e-01
   3.1415927e+00   5.0000000e+01   8.1573967e-02  -2.0146407e-01  -4.1417783e-02  -1.7675069e-01  -4.1765335e-02  -1.7813889e-01   8.2518453e-02  -1.8493615e-01
   3.2044245e+00   5.1000000e+01   8.4199298e-02  -2.0097369e-01  -4.1325383e-02  -1.7919756e-01  -4.1518512e-02  -1.8107919e-01   8.5366437e-02  -1.8446901e-01
   3.2672564e+00   5.2000000e+01   8.6749520e-02  -2.0050089e-01  -4.0785123e-02  -1.8187114e-01  -4.0797223e-02  -1.8430933e-01   8.8145126e-02  -1.8403088e-01
   3.3300882e+00   5.3000000e+01   8.9091190e-02  -1.9999132e-01  -3.9647898e-02  -1.8475809e-01  -3.9439316e-02  -1.8785452e-01   9.0716714e-02  -1.8359151e-01
   3.3929201e+00   5.4000000e+01   9.1068345e-02  -1.9939096e-01  -3.7790948e-02  -1.8783354e-01  -3.7306410e-02  -1.9172229e-01   9.2926061e-02  -1.8312587e-01
   3.4557519e+00   5.5000000e+01   9.2709810e-02  -1.9875365e-01  -3.5407059e-02  -1.9096923e-01  -3.4596790e-02  -1.9571287e-01   9.4803626e-02  -1.8267061e-01
   3.5185838e+00   5.6000000e+01   9.4135844e-02  -1.9812689e-01  -3.2679157e-02  -1.9399355e-01  -3.1502665e-02  -1.9958415e-01   9.6448954e-02  -1.8223847e-01
   3.5814156e+00   5.7000000e+01   9.5291348e-02  -1.9744467e-01  -2.9611481e-02  -1.9676344e-01  -2.8024097e-02  -2.0320469e-01   9.7783145e-02  -1.8176993e-01
   3.6442475e+00   5.8000000e+01   9.5869516e-02  -1.9653979e-01  -2.6175710e-02  -1.9909640e-01  -2.4121970e-02  -2.0645520e-01   9.8483510e-02  -1.8115127e-01
   3.7070793e+00   5.9000000e+01   9.5840873e-02  -1.9538047e-01  -2.2549745e-02  -2.0078460e-01  -1.9985622e-02  -2.0910539e-01   9.8494096e-02  -1.8034320e-01
   3.7699112e+00   6.0000000e+01   9.5378090e-02  -1.9407722e-01  -1.8890647e-02  -2.0189353e-01  -1.5789239e-02  -2.1116859e-01   9.7999764e-02  -1.7942357e-01
   3.8327430e+00   6.1000000e+01   9.4396358e-02  -1.9271197e-01  -1.5239461e-02  -2.0258820e-01  -1.1585661e-02  -2.1279932e-01   9.6962160e-02  -1.7849127e-01
   3.8955749e+00   6.2000000e+01   9.2908530e-02  -1.9136249e-01  -1.1670114e-02  -2.0295624e-01  -7.4662622e-03  -2.1406027e-01   9.5416935e-02  -1.7761869e-01
   3.9584067e+00   6.3000000e+01   9.1154896e-02  -1.9011370e-01  -8.4147513e-03  -2.0291012e-01  -3.7027810e-03  -2.1480551e-01   9.3575819e-02  -1.7682953e-01
   4.0212386e+00   6.4000000e+01   8.9348920e-02  -1.8900767e-01  -5.5981444e-03  -2.0242054e-01  -4.4379914e-04  -2.1498325e-01   9.1628570e-02  -1.7611946e-01
   4.0840704e+00   6.5000000e+01   8.7600883e-02  -1.8803042e-01  -2.9502457e-03  -2.0170310e-01   2.6203103e-03  -2.1485355e-01   8.9702056e-02  -1.7548296e-01
   4.1469023e+00   6.6000000e+01   8.5630302e-02  -1.8719642e-01  -3.2004225e-04  -2.0090358e-01   5.6495792e-03  -2.1458759e-01   8.7562119e-02  -1.7498893e-01
   4.2097342e+00   6.7000000e+01   8.3178837e-02  -1.8651466e-01   2.2592541e-03  -2.0007509e-01   8.5930470e-03  -2.1423894e-01   8.4985599e-02  -1.7468643e-01
   4.2725660e+00   6.8000000e+01   8.0373635e-02  -1.8596710e-01   4.8122132e-03  -1.9926330e-01   1.1482158e-02  -2.1385523e-01   8.2094962e-02  -1.7454593e-01
   4.3353979e+00   6.9000000e+01   7.7071937e-02  -1.8552512e-01   7.3382561e-03  -1.9848706e-01   1.4309760e-02  -2.1346160e-01   7.8761176e-02  -1.7456442e-01
   4.3982297e+00   7.0000000e+01   7.3298236e-02  -1.8515071e-01   9.8400616e-03  -1.9775149e-01   1.7079355e-02  -2.1306724e-01   7.5003795e-02  -1.7470557e-01
   4.4610616e+00   7.1000000e+01   6.9344200e-02  -1.8482513e-01   1.2346649e-02  -1.9705790e-01   1.9835373e-02  -2.1267374e-01   7.1085557e-02  -1.7491197e-01
   4.5238934e+00   7.2000000e+01   6.5379221e-02  -1.8453718e-01   1.4873225e-02  -1.9640539e-01   2.2602850e-02  -2.1228287e-01   6.7159604e-02  -1.7515033e-01
   4.5867253e+00   7.3000000e+01   6.1513871e-02  -1.8427336e-01   1.7426357e-02  -1.9578379e-01   2.5396695e-02  -2.1189038e-01   6.3325441e-02  -1.7539305e-01
   4.6495571e+00   7.4000000e+01   5.7608835e-02  -1.8400124e-01   1.9988610e-02  -1.9518639e-01   2.8193129e-02  -2.1149674e-01   5.9453613e-02  -1.7563143e-01
   4.7123890e+00   7.5000000e+01   5.3329461e-02  -1.8367459e-01   2.2526618e-02  -1.9462050e-01   3.0936039e-02  -2.1111063e-01   5.5233308e-02  -1.7587236e-01
   4.7752208e+00   7.6000000e+01   4.8573427e-02  -1.8327085e-01   2.5029698e-02  -1.9408157e-01   3.3602008e-02  -2.1072249e-01   5.0561823e-02  -1.7610768e-01
   4.8380527e+00   7.7000000e+01   4.3352706e-02  -1.8280594e-01   2.7499651e-02  -1.9356791e-01   3.6181281e-02  -2.1031680e-01   4.5440312e-02  -1.7634463e-01
   4.9008845e+00   7.8000000e+01   3.7922404e-02  -1.8231053e-01   2.9961453e-02  -1.9308837e-01   3.8709373e-02  -2.0989789e-01   4.0102317e-02  -1.7657347e-01
   4.9637164e+00   7.9000000e+01   3.2610668e-02  -1.8182892e-01   3.2445175e-02  -1.9264385e-01   4.1238867e-02  -2.0947114e-01   3.4855733e-02  -1.7678762e-01
   5.0265482e+00   8.0000000e+01   2.7486989e-02  -1.8135781e-01   3.4952224e-02  -1.9222376e-01   4.3780082e-02  -2.0903534e-01   2.9767103e-02  -1.7697414e-01
   5.0893801e+00   8.1000000e+01   2.2582811e-02  -1.8088717e-01   3.7479753e-02  -1.9181624e-01   4.6337558e-02  -2.0858853e-01   2.4868179e-02  -1.7712006e-01
   5.1522120e+00   8.2000000e+01   1.7864812e-02  -1.8040024e-01   4.0020627e-02  -1.9141806e-01   4.8905270e-02  -2.0813419e-01   2.0130006e-02  -1.7721648e-01
   5.2150438e+00   8.3000000e+01   1.3225824e-02  -1.7987228e-01   4.2562370e-02  -1.9103096e-01   5.1462395e-02  -2.0767505e-01   1.5450998e-02  -1.7725627e-01
   5.2778757e+00   8.4000000e+01   8.6017167e-03  -1.7933791e-01   4.5098874e-02  -1.9066255e-01   5.3987274e-02  -2.0720642e-01   1.0768926e-02  -1.7727332e-01
   5.3407075e+00   8.5000000e+01   4.0631232e-03  -1.7888847e-01   4.7638239e-02  -1.9032545e-01   5.6480981e-02  -2.0672739e-01   6.1544617e-03  -1.7733281e-01
   5.4035394e+00   8.6000000e+01  -2.9347050e-04  -1.7853035e-01   5.0186829e-02  -1.9001242e-01   5.8964611e-02  -2.0624259e-01   1.7053306e-03  -1.7743002e-01
   5.4663712e+00   8.7000000e+01  -4.4543076e-03  -1.7821937e-01   5.2740450e-02  -1.8970880e-01   6.1446749e-02  -2.0575368e-01  -2.5622353e-03  -1.7752880e-01
   5.5292031e+00   8.8000000e+01  -8.4324350e-03  -1.7794062e-01   5.5293977e-02  -1.8941067e-01   6.3925289e-02  -2.0526261e-01  -6.6581185e-03  -1.7762015e-01
   5.5920349e+00   8.9000000e+01  -1.2227288e-02  -1.7769157e-01   5.7843984e-02  -1.8911696e-01   6.6399527e-02  -2.0477214e-01  -1.0578691e-02  -1.7770427e-01
   5.6548668e+00   9.0000000e+01  -1.5855833e-02  -1.7743874e-01   6.0384534e-02  -1.8882149e-01   6.8868768e-02  -2.0428420e-01  -1.4339201e-02  -1.7775805e-01
   5.7176986e+00   9.1000000e+01  -1.9345399e-02  -1.7717201e-01   6.2910443e-02  -1.8852071e-01   7.1326717e-02  -2.0379631e-01  -1.7965944e-02  -1.7777671e-01
   5.7805305e+00   9.2000000e+01  -2.2632403e-02  -1.7723943e-01   6.5442005e-02  -1.8825855e-01   7.3745557e-02  -2.0329020e-01  -2.1383224e-02  -1.7803004e-01
   5.8433623e+00   9.3000000e+01  -2.5664719e-02  -1.7795619e-01   6.7999481e-02  -1.8807785e-01   7.6102770e-02  -2.0275754e-01  -2.4521753e-02  -1.7876445e-01
   5.9061942e+00   9.4000000e+01  -2.8539321e-02  -1.7908645e-01   7.0562928e-02  -1.8795598e-01   7.8404043e-02  -2.0221925e-01  -2.7478508e-02  -1.7980535e-01
   5.9690260e+00   9.5000000e+01  -3.1331766e-02  -1.8042429e-01   7.3114756e-02  -1.8787081e-01   8.0654597e-02  -2.0168899e-01  -3.0332572e-02  -1.8099854e-01
   6.0318579e+00   9.6000000e+01  -3.4064057e-02  -1.8191241e-01   7.5649794e-02  -1.8781463e-01   8.2855796e-02  -2.0116966e-01  -3.3106183e-02  -1.8230183e-01
   6.0946897e+00   9.7000000e+01  -3.6755396e-02  -1.8347096e-01   7.8159412e-02  -1.8777761e-01   8.5009432e-02  -2.0066557e-01  -3.5820825e-02  -1.8365494e-01
   6.1575216e+00   9.8000000e+01  -3.9400696e-02  -1.8505571e-01   8.0637437e-02  -1.8775056e-01   8.7118190e-02  -2.0017677e-01  -3.8473273e-02  -1.8502357e-01
   6.2203535e+00   9.9000000e+01  -4.1961029e-02  -1.8669724e-01   8.3085970e-02  -1.8772634e-01   8.9187164e-02  -1.9969493e-01  -4.1023435e-02  -1.8643002e-01
   6.2831853e+00   1.0000000e+02  -4.6285891e-02  -1.9276430e-01   8.8834195e-02  -1.8734960e-01   9.3929810e-02  -1.9804227e-01  -4.5181559e-02  -1.9131908e-01
   6.2831853e+00   1.0000000e+02  -4.6285891e-02  -1.9276430e-01   8.8834195e-02  -1.8734960e-01   9.3929810e-02  -1.9804227e-01  -4.5181559e-02  -1.9131908e-01
   6.3460172e+00   1.0100000e+02  -4.6732667e-02  -1.9572515e-01   9.0538700e-02  -1.8712093e-01   9.5263720e-02  -1.9731191e-01  -4.5512040e-02  -1.9362920e-01
   6.4088490e+00   1.0200000e+02  -4.6852768e-02  -1.9873570e-01   9.2034059e-02  -1.8689555e-01   9.6392124e-02  -1.9659451e-01  -4.5506131e-02  -1.9597386e-01
   6.4716809e+00   1.0300000e+02  -4.6684901e-02  -2.0161255e-01   9.3311611e-02  -1.8665396e-01   9.7333814e-02  -1.9589752e-01  -4.5218141e-02  -1.9820778e-01
   6.5345127e+00   1.0400000e+02  -4.6264823e-02  -2.0419447e-01   9.4365301e-02  -1.8637442e-01   9.8110098e-02  -1.9522437e-01  -4.4698220e-02  -2.0020004e-01
   6.5973446e+00   1.0500000e+02  -4.5597258e-02  -2.0645479e-01   9.5253399e-02  -1.8604335e-01   9.8796096e-02  -1.9456957e-01  -4.3956832e-02  -2.0192839e-01
   6.6601764e+00   1.0600000e+02  -4.4581596e-02  -2.0851638e-01   9.5989027e-02  -1.8563674e-01   9.9402650e-02  -1.9389494e-01  -4.2893150e-02  -2.0347947e-01
   6.7230083e+00   1.0700000e+02  -4.2768617e-02  -2.1066830e-01   9.6158686e-02  -1.8504352e-01   9.9476949e-02  -1.9304114e-01  -4.1067809e-02  -2.0501351e-01
   6.7858401e+00   1.0800000e+02  -4.0040806e-02  -2.1285817e-01   9.5519538e-02  -1.8422015e-01   9.8765613e-02  -1.9195955e-01  -3.8383175e-02  -2.0645802e-01
   6.8486720e+00   1.0900000e+02  -3.6833106e-02  -2.1470348e-01   9.4293683e-02  -1.8322741e-01   9.7523615e-02  -1.9076025e-01  -3.5284357e-02  -2.0754847e-01
   6.9115038e+00   1.1000000e+02  -3.3627207e-02  -2.1584069e-01   9.2639476e-02  -1.8212268e-01   9.5935094e-02  -1.8955085e-01  -3.2251629e-02  -2.0802906e-01
   6.9743357e+00   1.1100000e+02  -3.0630209e-02  -2.1613976e-01   9.0683857e-02  -1.8094969e-01   9.4149541e-02  -1.8840639e-01  -2.9479546e-02  -2.0781789e-01
   7.0371675e+00   1.1200000e+02  -2.7723613e-02  -2.1588235e-01   8.8569480e-02  -1.7976041e-01   9.2287906e-02  -1.8734740e-01  -2.6825569e-02  -2.0715490e-01
   7.0999994e+00   1.1300000e+02  -2.4784290e-02  -2.1540782e-01   8.6369231e-02  -1.7858699e-01   9.0372647e-02  -1.8634939e-01  -2.4148318e-02  -2.0631662e-01
   7.1628313e+00   1.1400000e+02  -2.1800223e-02  -2.1488103e-01   8.4115175e-02  -1.7743420e-01   8.8401919e-02  -1.8538302e-01  -2.1428799e-02  -2.0543592e-01
   7.2256631e+00   1.1500000e+02  -1.8838969e-02  -2.1437655e-01   8.1451115e-02  -1.7639167e-01   8.5929312e-02  -1.8448547e-01  -1.8717022e-02  -2.0456941e-01
   7.2884950e+00   1.1600000e+02  -1.5966031e-02  -2.1393802e-01   7.7938144e-02  -1.7555411e-01   8.2417977e-02  -1.8369512e-01  -1.6057890e-02  -2.0374984e-01
   7.3513268e+00   1.1700000e+02  -1.3144815e-02  -2.1356047e-01   7.3830466e-02  -1.7488142e-01   7.8169001e-02  -1.8298753e-01  -1.3416955e-02  -2.0298712e-01
   7.4141587e+00   1.1800000e+02  -1.0322248e-02  -2.1322608e-01   6.9511946e-02  -1.7432489e-01   7.3642889e-02  -1.8234892e-01  -1.0748452e-02  -2.0228213e-01
   7.4769905e+00   1.1900000e+02  -7.4741755e-03  -2.1293008e-01   6.5165546e-02  -1.7386212e-01   6.9059479e-02  -1.8177363e-01  -8.0324209e-03  -2.0163646e-01
   7.5398224e+00   1.2000000e+02  -4.5883251e-03  -2.1266094e-01   6.0889468e-02  -1.7346961e-01   6.4540045e-02  -1.8125087e-01  -5.2617404e-03  -2.0103962e-01
   7.6026542e+00   1.2100000e+02  -1.6799924e-03  -2.1240665e-01   5.6607473e-02  -1.7313318e-01   5.9998902e-02  -1.8075933e-01  -2.4522209e-03  -2.0047557e-01
   7.6654861e+00   1.2200000e+02   1.2331669e-03  -2.1215825e-01   5.2231818e-02  -1.7283922e-01   5.5336446e-02  -1.8027439e-01   3.7969181e-04  -1.9993207e-01
   7.7283179e+00   1.2300000e+02   4.1353281e-03  -2.1190698e-01   4.7692462e-02  -1.7258091e-01   5.0474621e-02  -1.7977901e-01   3.2213828e-03  -1.9940044e-01
   7.7911498e+00   1.2400000e+02   6.9889866e-03  -2.1164743e-01   4.2801992e-02  -1.7236610e-01   4.5197928e-02  -1.7925107e-01   6.0471574e-03  -1.9887733e-01
   7.8539816e+00   1.2500000e+02   9.8007298e-03  -2.1137659e-01   3.7641320e-02  -1.7218445e-01   3.9608700e-02  -1.7868647e-01   8.8644645e-03  -1.9836423e-01
   7.9168135e+00   1.2600000e+02   1.2623882e-02  -2.1108728e-01   3.2557056e-02  -1.7202985e-01   3.4118868e-02  -1.7813340e-01   1.1713350e-02  -1.9785908e-01
   7.9796453e+00   1.2700000e+02   1.5478031e-02  -2.1077621e-01   2.7674009e-02  -1.7188837e-01   2.8875363e-02  -1.7760264e-01   1.4603908e-02  -1.9735442e-01
   8.0424772e+00   1.2800000e+02   1.8362654e-02  -2.1044829e-01   2.2990269e-02  -1.7173870e-01   2.3874067e-02  -1.7707456e-01   1.7529923e-02  -1.9684661e-01
   8.1053090e+00   1.2900000e+02   2.1267524e-02  -2.1010864e-01   1.8447749e-02  -1.7156428e-01   1.9046040e-02  -1.7652331e-01   2.0479863e-02  -1.9633417e-01
   8.1681409e+00   1.3000000e+02   2.4184323e-02  -2.0976107e-01   1.4001102e-02  -1.7134968e-01   1.4338195e-02  -1.7592523e-01   2.3444436e-02  -1.9581595e-01
   8.2309728e+00   1.3100000e+02   2.7119841e-02  -2.0940357e-01   9.6946800e-03  -1.7109021e-01   9.8007546e-03  -1.7528564e-01   2.6425292e-02  -1.9528719e-01
   8.2938046e+00   1.3200000e+02   3.0070512e-02  -2.0903663e-01   5.5298996e-03  -1.7079557e-01   5.4338165e-03  -1.7461642e-01   2.9418940e-02  -1.9474831e-01
   8.3566365e+00   1.3300000e+02   3.3024524e-02  -2.0866525e-01   1.4698530e-03  -1.7047834e-01   1.1939420e-03  -1.7392338e-01   3.2417534e-02  -1.9420508e-01
   8.4194683e+00   1.3400000e+02   3.5987228e-02  -2.0828631e-01  -2.4414695e-03  -1.7014336e-01  -2.8702178e-03  -1.7322246e-01   3.5422329e-02  -1.9365330e-01
   8.4823002e+00   1.3500000e+02   3.8963474e-02  -2.0789366e-01  -6.1697073e-03  -1.6978692e-01  -6.7216537e-03  -1.7251977e-01   3.8432625e-02  -1.9308469e-01
   8.5451320e+00   1.3600000e+02   4.1949242e-02  -2.0748849e-01  -9.7290442e-03  -1.6939773e-01  -1.0378719e-02  -1.7180066e-01   4.1441796e-02  -1.9249742e-01
   8.6079639e+00   1.3700000e+02   4.4937130e-02  -2.0707399e-01  -1.3131564e-02  -1.6899241e-01  -1.3857097e-02  -1.7108008e-01   4.4445017e-02  -1.9189631e-01
   8.6707957e+00   1.3800000e+02   4.7920302e-02  -2.0664980e-01  -1.6375759e-02  -1.6860730e-01  -1.7156685e-02  -1.7039892e-01   4.7440433e-02  -1.9128594e-01
   8.7336276e+00   1.3900000e+02   5.0898347e-02  -2.0621745e-01  -1.9483159e-02  -1.6820112e-01  -2.0302963e-02  -1.6970751e-01   5.0420983e-02  -1.9066097e-01
   8.7964594e+00   1.4000000e+02   5.3867226e-02  -2.0578010e-01  -2.2454555e-02  -1.6778752e-01  -2.3298372e-02  -1.6901956e-01   5.3384066e-02  -1.9002580e-01
   8.8592913e+00   1.4100000e+02   5.6811683e-02  -2.0534314e-01  -2.5198431e-02  -1.6761626e-01  -2.6045101e-02  -1.6862886e-01   5.6348648e-02  -1.8941791e-01
   8.9221231e+00   1.4200000e+02   5.9722080e-02  -2.0490969e-01  -2.7696913e-02  -1.6778434e-01  -2.8526385e-02  -1.6864866e-01   5.9319432e-02  -1.8885071e-01
   8.9849550e+00   1.4300000e+02   6.2595727e-02  -2.0447509e-01  -3.0040075e-02  -1.6814202e-01  -3.0841159e-02  -1.6889904e-01   6.2276057e-02  -1.8829997e-01
   9.0477868e+00   1.4400000e+02   6.5426599e-02  -2.0403894e-01  -3.2292629e-02  -1.6861120e-01  -3.3059771e-02  -1.6928205e-01   6.5205703e-02  -1.8775601e-01
   9.1106187e+00   1.4500000e+02   6.8211324e-02  -2.0360827e-01  -3.4405522e-02  -1.6929915e-01  -3.5130951e-02  -1.6992534e-01   6.8118698e-02  -1.8723659e-01
   9.1734505e+00   1.4600000e+02   7.0957024e-02  -2.0318177e-01  -3.6268714e-02  -1.7032468e-01  -3.6939103e-02  -1.7098330e-01   7.1030129e-02  -1.8675022e-01
   9.2362824e+00   1.4700000e+02   7.3656034e-02  -2.0276060e-01  -3.7959563e-02  -1.7159006e-01  -3.8567643e-02  -1.7233178e-01   7.3924361e-02  -1.8628679e-01
   9.2991143e+00   1.4800000e+02   7.6299008e-02  -2.0235376e-01  -3.9595097e-02  -1.7298809e-01  -4.0141048e-02  -1.7382661e-01   7.6787520e-02  -1.8584389e-01
   9.3619461e+00   1.4900000e+02   7.8926368e-02  -2.0193412e-01  -4.0879864e-02  -1.7465266e-01  -4.1346687e-02  -1.7567609e-01   7.9646426e-02  -1.8540236e-01
   9.4247780e+00   1.5000000e+02   8.1573967e-02  -2.0146407e-01  -4.1417783e-02  -1.7675069e-01  -4.1765335e-02  -1.7813889e-01   8.2518453e-02  -1.8493615e-01
   9.4876098e+00   1.5100000e+02   8.4199298e-02  -2.0097369e-01  -4.1325383e-02  -1.7919756e-01  -4.1518512e-02  -1.8107919e-01   8.5366437e-02  -1.8446901e-01
   9.5504417e+00   1.5200000e+02   8.6749520e-02  -2.0050089e-01  -4.0785123e-02  -1.8187114e-01  -4.0797223e-02  -1.8430933e-01   8.8145126e-02  -1.8403088e-01
   9.6132735e+00   1.5300000e+02   8.9091190e-02  -1.9999132e-01  -3.9647898e-02  -1.8475809e-01  -3.9439316e-02  -1.8785452e-01   9.0716714e-02  -1.8359151e-01
   9.6761054e+00   1.5400000e+02   9.1068345e-02  -1.9939096e-01  -3.7790948e-02  -1.8783354e-01  -3.7306410e-02  -1.9172229e-01   9.2926061e-02  -1.8312587e-01
   9.7389372e+00   1.5500000e+02   9.2709810e-02  -1.9875365e-01  -3.5407059e-02  -1.9096923e-01  -3.4596790e-02  -1.9571287e-01   9.4803626e-02  -1.8267061e-01
   9.8017691e+00   1.5600000e+02   9.4135844e-02  -1.9812689e-01  -3.2679157e-02  -1.9399355e-01  -3.1502665e-02  -1.9958415e-01   9.6448954e-02  -1.8223847e-01
   9.8646009e+00   1.5700000e+02   9.5291348e-02  -1.9744467e-01  -2.9611481e-02  -1.9676344e-01  -2.8024097e-02  -2.0320469e-01   9.7783145e-02  -1.8176993e-01
   9.9274328e+00   1.5800000e+02   9.5869516e-02  -1.9653979e-01  -2.6175710e-02  -1.9909640e-01  -2.4121970e-02  -2.0645520e-01   9.8483510e-02  -1.8115127e-01
   9.9902646e+00   1.5900000e+02   9.5840873e-02  -1.9538047e-01  -2.2549745e-02  -2.0078460e-01  -1.9985622e-02  -2.0910539e-01   9.8494096e-02  -1.8034320e-01
   1.0053096e+01   1.6000000e+02   9.5378090e-02  -1.9407722e-01  -1.8890647e-02  -2.0189353e-01  -1.5789239e-02  -2.1116859e-01   9.7999764e-02  -1.7942357e-01
   1.0115928e+01   1.6100000e+02   9.4396358e-02  -1.9271197e-01  -1.5239461e-02  -2.0258820e-01  -1.1585661e-02  -2.1279932e-01   9.6962160e-02  -1.7849127e-01
   1.0178760e+01   1.6200000e+02   9.2908530e-02  -1.9136249e-01  -1.1670114e-02  -2.0295624e-01  -7.4662622e-03  -2.1406027e-01   9.5416935e-02  -1.7761869e-01
   1.0241592e+01   1.6300000e+02   9.1154896e-02  -1.9011370e-01  -8.4147513e-03  -2.0291012e-01  -3.7027810e-03  -2.1480551e-01   9.3575819e-02  -1.7682953e-01
   1.0304424e+01   1.6400000e+02   8.9348920e-02  -1.8900767e-01  -5.5981444e-03  -2.0242054e-01  -4.4379914e-04  -2.1498325e-01   9.1628570e-02  -1.7611946e-01
   1.0367256e+01   1.6500000e+02   8.7600883e-02  -1.8803042e-01  -2.9502457e-03  -2.0170310e-01   2.6203103e-03  -2.1485355e-01   8.9702056e-02  -1.7548296e-01
   1.0430088e+01   1.6600000e+02   8.5630302e-02  -1.8719642e-01  -3.2004225e-04  -2.0090358e-01   5.6495792e-03  -2.1458759e-01   8.7562119e-02  -1.7498893e-01
   1.0492919e+01   1.6700000e+02   8.3178837e-02  -1.8651466e-01   2.2592541e-03  -2.0007509e-01   8.5930470e-03  -2.1423894e-01   8.4985599e-02  -1.7468643e-01
   1.0555751e+01   1.6800000e+02   8.0373635e-02  -1.8596710e-01   4.8122132e-03  -1.9926330e-01   1.1482158e-02  -2.1385523e-01   8.2094962e-02  -1.7454593e-01
   1.0618583e+01   1.6900000e+02   7.7071937e-02  -1.8552512e-01   7.3382561e-03  -1.9848706e-01   1.4309760e-02  -2.1346160e-01   7.8761176e-02  -1.7456442e-01
   1.0681415e+01   1.7000000e+02   7.3298236e-02  -1.8515071e-01   9.8400616e-03  -1.9775149e-01   1.7079355e-02  -2.1306724e-01   7.5003795e-02  -1.7470557e-01
   1.0744247e+01   1.7100000e+02   6.9344200e-02  -1.8482513e-01   1.2346649e-02  -1.9705790e-01   1.9835373e-02  -2.1267374e-01   7.1085557e-02  -1.7491197e-01
   1.0807079e+01   1.7200000e+02   6.5379221e-02  -1.8453718e-01   1.4873225e-02  -1.9640539e-01   2.2602850e-02  -2.1228287e-01   6.7159604e-02  -1.7515033e-01
   1.0869911e+01   1.7300000e+02   6.1513871e-02  -1.8427336e-01   1.7426357e-02  -1.9578379e-01   2.5396695e-02  -2.1189038e-01   6.3325441e-02  -1.7539305e-01
   1.0932742e+01   1.7400000e+02   5.7608835e-02  -1.8400124e-01   1.9988610e-02  -1.9518639e-01   2.8193129e-02  -2.1149674e-01   5.9453613e-02  -1.7563143e-01
   1.0995574e+01   1.7500000e+02   5.3329461e-02  -1.8367459e-01   2.2526618e-02  -1.9462050e-01   3.0936039e-02  -2.1111063e-01   5.5233308e-02  -1.7587236e-01
   1.1058406e+01   1.7600000e+02   4.8573427e-02  -1.8327085e-01   2.5029698e-02  -1.9408157e-01   3.3602008e-02  -2.1072249e-01   5.0561823e-02  -1.7610768e-01
   1.1121238e+01   1.7700000e+02   4.3352706e-02  -1.8280594e-01   2.7499651e-02  -1.9356791e-01   3.6181281e-02  -2.1031680e-01   4.5440312e-02  -1.7634463e-01
   1.1184070e+01   1.7800000e+02   3.7922404e-02  -1.8231053e-01   2.9961453e-02  -1.9308837e-01   3.8709373e-02  -2.0989789e-01   4.0102317e-02  -1.7657347e-01
   1.1246902e+01   1.7900000e+02   3.2610668e-02  -1.8182892e-01   3.2445175e-02  -1.9264385e-01   4.1238867e-02  -2.0947114e-01   3.4855733e-02  -1.7678762e-01
   1.1309734e+01   1.8000000e+02   2.7486989e-02  -1.8135781e-01   3.4952224e-02  -1.9222376e-01   4.3780082e-02  -2.0903534e-01   2.9767103e-02  -1.7697414e-01
   1.1372565e+01   1.8100000e+02   2.2582811e-02  -1.8088717e-01   3.7479753e-02  -1.9181624e-01   4.6337558e-02  -2.0858853e-01   2.4868179e-02  -1.7712006e-01
   1.1435397e+01   1.8200000e+02   1.7864812e-02  -1.8040024e-01   4.0020627e-02  -1.9141806e-01   4.8905270e-02  -2.0813419e-01   2.0130006e-02  -1.7721648e-01
   1.1498229e+01   1.8300000e+02   1.3225824e-02  -1.7987228e-01   4.2562370e-02  -1.9103096e-01   5.1462395e-02  -2.0767505e-01   1.5450998e-02  -1.7725627e-01
   1.1561061e+01   1.8400000e+02   8.6017167e-03  -1.7933791e-01   4.5098874e-02  -1.9066255e-01   5.3987274e-02  -2.0720642e-01   1.0768926e-02  -1.7727332e-01
   1.1623893e+01   1.8500000e+02   4.0631232e-03  -1.7888847e-01   4.7638239e-02  -1.9032545e-01   5.6480981e-02  -2.0672739e-01   6.1544617e-03  -1.7733281e-01
   1.1686725e+01   1.8600000e+02  -2.9347050e-04  -1.7853035e-01   5.0186829e-02  -1.9001242e-01   5.8964611e-02  -2.0624259e-01   1.7053306e-03  -1.7743002e-01
   1.1749557e+01   1.8700000e+02  -4.4543076e-03  -1.7821937e-01   5.2740450e-02  -1.8970880e-01   6.1446749e-02  -2.0575368e-01  -2.5622353e-03  -1.7752880e-01
   1.1812388e+01   1.8800000e+02  -8.4324350e-03  -1.7794062e-01   5.5293977e-02  -1.8941067e-01   6.3925289e-02  -2.0526261e-01  -6.6581185e-03  -1.7762015e-01
   1.1875220e+01   1.8900000e+02  -1.2227288e-02  -1.7769157e-01   5.7843984e-02  -1.8911696e-01   6.6399527e-02  -2.0477214e-01  -1.0578691e-02  -1.7770427e-01
   1.1938052e+01   1.9000000e+02  -1.5855833e-02  -1.7743874e-01   6.0384534e-02  -1.8882149e-01   6.8868768e-02  -2.0428420e-01  -1.4339201e-02  -1.7775805e-01
   1.2000884e+01   1.9100000e+02  -1.9345399e-02  -1.7717201e-01   6.2910443e-02  -1.8852071e-01   7.1326717e-02  -2.0379631e-01  -1.7965944e-02  -1.7777671e-01
   1.2063716e+01   1.9200000e+02  -2.2632403e-02  -1.7723943e-01   6.5442005e-02  -1.8825855e-01   7.3745557e-02  -2.0329020e-01  -2.1383224e-02  -1.7803004e-01
   1.2126548e+01   1.9300000e+02  -2.5664719e-02  -1.7795619e-01   6.7999481e-02  -1.8807785e-01   7.6102770e-02  -2.0275754e-01  -2.4521753e-02  -1.7876445e-01
   1.2189379e+01   1.9400000e+02  -2.8539321e-02  -1.7908645e-01   7.0562928e-02  -1.8795598e-01   7.8404043e-02  -2.0221925e-01  -2.7478508e-02  -1.7980535e-01
   1.2252211e+01   1.9500000e+02  -3.1331766e-02  -1.8042429e-01   7.3114756e-02  -1.8787081e-01   8.0654597e-02  -2.0168899e-01  -3.0332572e-02  -1.8099854e-01
   1.2315043e+01   1.9600000e+02  -3.4064057e-02  -1.8191241e-01   7.5649794e-02  -1.8781463e-01   8.2855796e-02  -2.0116966e-01  -3.3106183e-02  -1.8230183e-01
   1.2377875e+01   1.9700000e+02  -3.6755396e-02  -1.8347096e-01   7.8159412e-02  -1.8777761e-01   8.5009432e-02  -2.0066557e-01  -3.5820825e-02  -1.8365494e-01
   1.2440707e+01   1.9800000e+02  -3.9400696e-02  -1.8505571e-01   8.0637437e-02  -1.8775056e-01   8.7118190e-02  -2.0017677e-01  -3.8473273e-02  -1.8502357e-01
   1.2503539e+01   1.9900000e+02  -4.1961029e-02  -1.8669724e-01   8.3085970e-02  -1.8772634e-01   8.9187164e-02  -1.9969493e-01  -4.1023435e-02  -1.8643002e-01
   1.2566371e+01   2.0000000e+02  -4.6285891e-02  -1.9276430e-01   8.8834195e-02  -1.8734960e-01   9.3929810e-02  -1.9804227e-01  -4.5181559e-02  -1.9131908e-01
