0.895542
0.927567
0.941614
0.955661
0.963902
0.963902
0.963902
0.963902
0.963902
0.962593
0.952672
0.942752
0.932831
0.922911
0.912991
0.892129
0.866852
0.841575
0.816298
0.791021
0.765744
0.740467
0.696624
0.650147
0.603670
0.557096
0.510005
0.462914
0.415823
0.368732
0.322070
0.279213
0.236356
0.193498
0.150641
0.107784
0.064926
0.022069
-0.020789
-0.065508
-0.110789
-0.156071
-0.201352
-0.246633
-0.291915
-0.337196
-0.384085
-0.432753
-0.481422
-0.530090
-0.578758
-0.627538
-0.677231
-0.726923
-0.776616
-0.812639
-0.833666
-0.854693
-0.875720
-0.896747
-0.907009
-0.908312
-0.909615
-0.910918
-0.912221
-0.913525
-0.913978
-0.913978
-0.913978
-0.913978
-0.913978
-0.913978
-0.913978
-0.913593
-0.908660
-0.903727
-0.894428
-0.883617
-0.872806
-0.846543
-0.807420
-0.755648
-0.658334
-0.582417
-0.506499
-0.447143
-0.408108
-0.369074
-0.330039
-0.301516
-0.287787
-0.274058
-0.260329
-0.246599
-0.232870
-0.219141
-0.205412
-0.191682
-0.177953
-0.164224
-0.150495
-0.136765
-0.123036
-0.109307
-0.095577
-0.081848
-0.068119
-0.054390
-0.040660
-0.027139
-0.014161
-0.001184
0.011793
0.024770
0.037748
0.050725
0.063702
0.076679
0.089657
0.102634
0.115611
0.128588
0.141566
0.154543
0.167520
0.180497
0.193475
0.206452
0.219429
0.232406
0.245384
0.258361
0.271338
0.284316
0.297293
0.310270
0.323247
0.336225
0.349202
0.365553
0.415136
0.464719
0.514302
0.563885
0.613468
0.666537
0.720779
0.775022
0.825285
0.860414
0.895542
0.927567
0.941614
0.955661
0.963902
0.963902
0.963902
0.963902
0.963902
0.962593
0.952672
0.942752
0.932831
0.922911
0.912991
0.892129
0.866852
0.841575
0.816298
0.791021
0.765744
0.740467
0.696624
0.650147
0.603670
0.557096
0.510005
0.462914
0.415823
0.368732
0.322070
0.279213
0.236356
0.193498
0.150641
0.107784
0.064926
0.022069
-0.020789
-0.065508
-0.110789
-0.156071
-0.201352
-0.246633
-0.291915
-0.337196
-0.384085
-0.432753
-0.481422
-0.530090
-0.578758
-0.627538
-0.677231
-0.726923
-0.776616
-0.812639
-0.833666
-0.854693
-0.875720
-0.896747
-0.907009
-0.908312
-0.909615
-0.910918
-0.912221
-0.913525
-0.913978
-0.913978
-0.913978
-0.913978
-0.913978
-0.913978
-0.913978
-0.913593
-0.908660
-0.903727
-0.894428
-0.883617
-0.872806
-0.846543
-0.807420
-0.755648
-0.658334
-0.582417
-0.506499
-0.447143
-0.408108
-0.369074
-0.330039
-0.301516
-0.287787
-0.274058
-0.260329
-0.246599
-0.232870
-0.219141
-0.205412
-0.191682
-0.177953
-0.164224
-0.150495
-0.136765
-0.123036
-0.109307
-0.095577
-0.081848
-0.068119
-0.054390
-0.040660
-0.027139
-0.014161
-0.001184
0.011793
0.024770
0.037748
0.050725
0.063702
0.076679
0.089657
0.102634
0.115611
0.128588
0.141566
0.154543
0.167520
0.180497
0.193475
0.206452
0.219429
0.232406
0.245384
0.258361
0.271338
0.284316
0.297293
0.310270
0.323247
0.336225
0.349202
0.365553
0.415136
0.464719
0.514302
0.563885
0.613468
0.666537
0.720779
0.775022
0.825285
0.860414
0.895542
