0.000000 
0.062832 
0.125664 
0.188496 
0.251327 
0.314159 
0.376991 
0.439823 
0.502655 
0.565487 
0.628319 
0.691150 
0.753982 
0.816814 
0.879646 
0.942478 
1.005310 
1.068142 
1.130973 
1.193805 
1.256637 
1.319469 
1.382301 
1.445133 
1.507964 
1.570796 
1.633628 
1.696460 
1.759292 
1.822124 
1.884956 
1.947787 
2.010619 
2.073451 
2.136283 
2.199115 
2.261947 
2.324779 
2.387610 
2.450442 
2.513274 
2.576106 
2.638938 
2.701770 
2.764602 
2.827433 
2.890265 
2.953097 
3.015929 
3.078761 
3.141593 
3.204425 
3.267256 
3.330088 
3.392920 
3.455752 
3.518584 
3.581416 
3.644247 
3.707079 
3.769911 
3.832743 
3.895575 
3.958407 
4.021239 
4.084070 
4.146902 
4.209734 
4.272566 
4.335398 
4.398230 
4.461062 
4.523893 
4.586725 
4.649557 
4.712389 
4.775221 
4.838053 
4.900885 
4.963716 
5.026548 
5.089380 
5.152212 
5.215044 
5.277876 
5.340708 
5.403539 
5.466371 
5.529203 
5.592035 
5.654867 
5.717699 
5.780530 
5.843362 
5.906194 
5.969026 
6.031858 
6.094690 
6.157522 
6.220353 
6.283185 
-0.752267 
-0.749383 
-0.743817 
-0.735281 
-0.724849 
-0.713383 
-0.700649 
-0.686377 
-0.670302 
-0.652155 
-0.631670 
-0.608580 
-0.582617 
-0.553784 
-0.522764 
-0.490349 
-0.457330 
-0.424498 
-0.392645 
-0.362535 
-0.334368 
-0.307806 
-0.282489 
-0.258056 
-0.234147 
-0.210413 
-0.186673 
-0.162879 
-0.138989 
-0.114959 
-0.090745 
-0.066087 
-0.040376 
-0.012973 
0.016765 
0.049479 
0.085808 
0.126214 
0.170417 
0.217950 
0.268347 
0.320629 
0.370506 
0.412374 
0.440629 
0.449807 
0.439401 
0.414943 
0.382334 
0.347477 
0.315498 
0.287332 
0.262503 
0.240535 
0.220949 
0.203268 
0.187024 
0.171869 
0.157551 
0.143820 
0.130426 
0.117118 
0.103646 
0.089760 
0.075210 
0.059745 
0.043116 
0.025071 
0.005362 
-0.016262 
-0.040052 
-0.066285 
-0.095392 
-0.127862 
-0.164180 
-0.204834 
-0.250311 
-0.301097 
-0.357677 
-0.419359 
-0.482671 
-0.543734 
-0.598673 
-0.643608 
-0.675419 
-0.695359 
-0.706253 
-0.710930 
-0.712217 
-0.712939 
-0.715105 
-0.718665 
-0.723247 
-0.728481 
-0.733998 
-0.739425 
-0.744394 
-0.748532 
-0.751471 
-0.752840 
-0.752267 
0.131298 
0.103413 
0.074013 
0.042431 
0.009585 
-0.023214 
-0.055419 
-0.086504 
-0.115943 
-0.143209 
-0.167776 
-0.189118 
-0.206710 
-0.220284 
-0.230226 
-0.237027 
-0.241177 
-0.243167 
-0.243488 
-0.242624 
-0.240962 
-0.238796 
-0.236413 
-0.234103 
-0.232154 
-0.230834 
-0.230103 
-0.229666 
-0.229223 
-0.228475 
-0.227125 
-0.225101 
-0.222699 
-0.220252 
-0.218091 
-0.216547 
-0.215953 
-0.216274 
-0.215982 
-0.213174 
-0.205943 
-0.192582 
-0.172647 
-0.146201 
-0.113304 
-0.074054 
-0.029707 
0.017062 
0.063494 
0.106827 
0.144764 
0.177498 
0.206067 
0.231505 
0.254850 
0.277138 
0.299369 
0.322002 
0.345077 
0.368624 
0.392675 
0.417259 
0.442407 
0.468149 
0.494515 
0.521536 
0.549243 
0.577665 
0.606833 
0.636777 
0.667527 
0.699062 
0.731064 
0.763107 
0.794769 
0.825624 
0.855248 
0.883218 
0.909106 
0.931737 
0.948154 
0.955146 
0.949500 
0.928001 
0.888336 
0.833388 
0.767909 
0.696654 
0.624378 
0.555830 
0.494354 
0.439738 
0.391222 
0.348043 
0.309441 
0.274654 
0.242921 
0.213480 
0.185570 
0.158430 
0.131298 
