-3.141593
-3.099705
-3.057817
-3.015929
-2.974041
-2.932153
-2.890265
-2.848377
-2.806489
-2.764602
-2.722714
-2.680826
-2.638938
-2.597050
-2.555162
-2.513274
-2.471386
-2.429498
-2.387610
-2.345723
-2.303835
-2.261947
-2.220059
-2.178171
-2.136283
-2.094395
-2.052507
-2.010619
-1.968731
-1.926843
-1.884956
-1.843068
-1.801180
-1.759292
-1.717404
-1.675516
-1.633628
-1.591740
-1.549852
-1.507964
-1.466077
-1.424189
-1.382301
-1.340413
-1.298525
-1.256637
-1.214749
-1.172861
-1.130973
-1.089085
-1.047198
-1.005310
-0.963422
-0.921534
-0.879646
-0.837758
-0.795870
-0.753982
-0.712094
-0.670206
-0.628319
-0.586431
-0.544543
-0.502655
-0.460767
-0.418879
-0.376991
-0.335103
-0.293215
-0.251327
-0.209440
-0.167552
-0.125664
-0.083776
-0.041888
0.000000
0.041888
0.083776
0.125664
0.167552
0.209440
0.251327
0.293215
0.335103
0.376991
0.418879
0.460767
0.502655
0.544543
0.586431
0.628319
0.670206
0.712094
0.753982
0.795870
0.837758
0.879646
0.921534
0.963422
1.005310
1.047198
1.089085
1.130973
1.172861
1.214749
1.256637
1.298525
1.340413
1.382301
1.424189
1.466077
1.507964
1.549852
1.591740
1.633628
1.675516
1.717404
1.759292
1.801180
1.843068
1.884956
1.926843
1.968731
2.010619
2.052507
2.094395
2.136283
2.178171
2.220059
2.261947
2.303835
2.345723
2.387610
2.429498
2.471386
2.513274
2.555162
2.597050
2.638938
2.680826
2.722714
2.764602
2.806489
2.848377
2.890265
2.932153
2.974041
3.015929
3.057817
3.099705
3.141593
3.183481
3.225368
3.267256
3.309144
3.351032
3.392920
3.434808
3.476696
3.518584
3.560472
3.602360
3.644247
3.686135
3.728023
3.769911
3.811799
3.853687
3.895575
3.937463
3.979351
4.021239
4.063126
4.105014
4.146902
4.188790
4.230678
4.272566
4.314454
4.356342
4.398230
4.440118
4.482006
4.523893
4.565781
4.607669
4.649557
4.691445
4.733333
4.775221
4.817109
4.858997
4.900885
4.942772
4.984660
5.026548
5.068436
5.110324
5.152212
5.194100
5.235988
5.277876
5.319764
5.361651
5.403539
5.445427
5.487315
5.529203
5.571091
5.612979
5.654867
5.696755
5.738643
5.780530
5.822418
5.864306
5.906194
5.948082
5.989970
6.031858
6.073746
6.115634
6.157522
6.199410
6.241297
6.283185
6.325073
6.366961
6.408849
6.450737
6.492625
6.534513
6.576401
6.618289
6.660176
6.702064
6.743952
6.785840
6.827728
6.869616
6.911504
6.953392
6.995280
7.037168
7.079055
7.120943
7.162831
7.204719
7.246607
7.288495
7.330383
7.372271
7.414159
7.456047
7.497934
7.539822
7.581710
7.623598
7.665486
7.707374
7.749262
7.791150
7.833038
7.874926
7.916813
7.958701
8.000589
8.042477
8.084365
8.126253
8.168141
8.210029
8.251917
8.293805
8.335693
8.377580
8.419468
8.461356
8.503244
8.545132
8.587020
8.628908
8.670796
8.712684
8.754572
8.796459
8.838347
8.880235
8.922123
8.964011
9.005899
9.047787
9.089675
9.131563
9.173451
9.215338
9.257226
9.299114
9.341002
9.382890
9.424778
