-3.141593 
-3.047345 
-2.953097 
-2.858849 
-2.764602 
-2.670354 
-2.576106 
-2.481858 
-2.387610 
-2.293363 
-2.199115 
-2.104867 
-2.010619 
-1.916372 
-1.822124 
-1.727876 
-1.633628 
-1.539380 
-1.445133 
-1.350885 
-1.256637 
-1.162389 
-1.068142 
-0.973894 
-0.879646 
-0.785398 
-0.691150 
-0.596903 
-0.502655 
-0.408407 
-0.314159 
-0.219911 
-0.125664 
-0.031416 
0.062832 
0.157080 
0.251327 
0.345575 
0.439823 
0.534071 
0.628319 
0.722566 
0.816814 
0.911062 
1.005310 
1.099557 
1.193805 
1.288053 
1.382301 
1.476549 
1.570796 
1.665044 
1.759292 
1.853540 
1.947787 
2.042035 
2.136283 
2.230531 
2.324779 
2.419026 
2.513274 
2.607522 
2.701770 
2.796017 
2.890265 
2.984513 
3.078761 
3.173009 
3.267256 
3.361504 
3.455752 
3.550000 
3.644247 
3.738495 
3.832743 
3.926991 
4.021239 
4.115486 
4.209734 
4.303982 
4.398230 
4.492477 
4.586725 
4.680973 
4.775221 
4.869469 
4.963716 
5.057964 
5.152212 
5.246460 
5.340708 
5.434955 
5.529203 
5.623451 
5.717699 
5.811946 
5.906194 
6.000442 
6.094690 
6.188938 
6.283185 
0.680298 
0.676393 
0.672489 
0.668584 
0.664679 
0.660775 
0.656870 
0.649086 
0.634457 
0.619827 
0.605198 
0.386800 
0.233749 
0.116799 
0.042862 
-0.031075 
-0.105013 
-0.178950 
-0.252887 
-0.326824 
-0.400761 
-0.474698 
-0.548635 
-0.622572 
-0.696509 
-0.770446 
-0.737252 
-0.663129 
-0.794612 
-0.871624 
-0.829702 
-0.787780 
-0.745858 
-0.703937 
-0.659306 
-0.609197 
-0.559088 
-0.508979 
-0.458871 
-0.408762 
-0.368705 
-0.331971 
-0.295237 
-0.258502 
-0.221768 
-0.185034 
-0.148300 
-0.111566 
-0.074831 
-0.038097 
-0.001363 
0.035371 
0.079411 
0.124487 
0.169564 
0.214641 
0.259718 
0.304794 
0.349871 
0.394948 
0.440025 
0.485102 
0.530178 
0.575255 
0.620332 
0.665409 
0.682901 
0.678996 
0.675092 
0.671187 
0.667282 
0.663378 
0.659473 
0.655569 
0.644210 
0.629580 
0.614951 
0.600322 
0.335783 
0.182731 
0.092153 
0.018216 
-0.055721 
-0.129658 
-0.203595 
-0.277532 
-0.351469 
-0.425407 
-0.499344 
-0.573281 
-0.647218 
-0.721155 
-0.790095 
-0.575474 
-0.706957 
-0.838439 
-0.857650 
-0.815728 
-0.773806 
-0.731884 
-0.689963 
0.006597 
0.076821 
0.147045 
0.217269 
0.287493 
0.357717 
0.427941 
0.513349 
0.625550 
0.737750 
0.849951 
0.637016 
0.462555 
0.381345 
0.411238 
0.441131 
0.471024 
0.500917 
0.530809 
0.560702 
0.590595 
0.620488 
0.650381 
0.680274 
0.710167 
0.740060 
0.613363 
0.436202 
0.423268 
0.386926 
0.299475 
0.212023 
0.124572 
0.037120 
-0.034782 
-0.075233 
-0.115683 
-0.156133 
-0.196583 
-0.237033 
-0.255208 
-0.266020 
-0.276832 
-0.287644 
-0.298457 
-0.309269 
-0.320081 
-0.330893 
-0.341705 
-0.352518 
-0.363330 
-0.374142 
-0.357394 
-0.336732 
-0.316070 
-0.295409 
-0.274747 
-0.254086 
-0.233424 
-0.212762 
-0.192101 
-0.171439 
-0.150777 
-0.130116 
-0.109454 
-0.088792 
-0.040219 
0.030005 
0.100229 
0.170453 
0.240677 
0.310901 
0.381125 
0.451349 
0.550749 
0.662950 
0.775151 
0.887351 
0.578862 
0.404402 
0.391309 
0.421202 
0.451095 
0.480988 
0.510881 
0.540774 
0.570667 
0.600560 
0.630452 
0.660345 
0.690238 
0.720131 
0.742386 
0.444825 
0.431891 
0.418957 
0.357776 
0.270324 
0.182873 
0.095421 
0.007970 
