0.002721
0.039150
0.080425
0.121700
0.163881
0.207349
0.250817
0.294286
0.337754
0.381455
0.426687
0.471920
0.517152
0.562385
0.607617
0.649819
0.690797
0.731775
0.772753
0.813731
0.854709
0.895688
0.915442
0.932186
0.948930
0.963884
0.969271
0.974658
0.980045
0.985432
0.990415
0.991815
0.993216
0.994617
0.996018
0.997418
0.998819
1.000220
1.001621
1.005224
1.009492
1.013760
1.018028
1.022296
1.026564
1.030832
1.029287
1.021310
1.013333
1.005357
0.997380
0.988403
0.971263
0.954123
0.936982
0.905061
0.856927
0.808793
0.760659
0.712525
0.662918
0.612086
0.561254
0.510422
0.459591
0.408759
0.362998
0.319949
0.276899
0.235208
0.195572
0.155936
0.116301
0.076768
0.038450
0.000132
-0.036846
-0.073360
-0.109874
-0.141784
-0.169863
-0.193421
-0.196498
-0.196498
-0.196498
-0.196498
-0.196498
-0.196498
-0.196498
-0.196418
-0.196225
-0.196031
-0.195838
-0.195645
-0.195452
-0.195259
-0.195065
-0.194872
-0.194679
-0.194486
-0.194293
-0.194099
-0.193906
-0.193713
-0.193520
-0.193326
-0.193133
-0.192940
-0.192747
-0.192500
-0.192113
-0.191727
-0.191340
-0.190953
-0.190567
-0.190180
-0.189793
-0.189406
-0.189020
-0.188633
-0.188246
-0.187859
-0.187473
-0.187086
-0.186699
-0.186312
-0.185926
-0.185539
-0.185152
-0.184766
-0.184379
-0.183992
-0.183605
-0.183219
-0.182832
-0.182445
-0.182058
-0.181672
-0.181285
-0.180464
-0.175367
-0.170271
-0.165174
-0.160077
-0.154981
-0.137251
-0.115267
-0.093283
-0.068466
-0.032873
0.002721
0.039150
0.080425
0.121700
0.163881
0.207349
0.250817
0.294286
0.337754
0.381455
0.426687
0.471920
0.517152
0.562385
0.607617
0.649819
0.690797
0.731775
0.772753
0.813731
0.854709
0.895688
0.915442
0.932186
0.948930
0.963884
0.969271
0.974658
0.980045
0.985432
0.990415
0.991815
0.993216
0.994617
0.996018
0.997418
0.998819
1.000220
1.001621
1.005224
1.009492
1.013760
1.018028
1.022296
1.026564
1.030832
1.029287
1.021310
1.013333
1.005357
0.997380
0.988403
0.971263
0.954123
0.936982
0.905061
0.856927
0.808793
0.760659
0.712525
0.662918
0.612086
0.561254
0.510422
0.459591
0.408759
0.362998
0.319949
0.276899
0.235208
0.195572
0.155936
0.116301
0.076768
0.038450
0.000132
-0.036846
-0.073360
-0.109874
-0.141784
-0.169863
-0.193421
-0.196498
-0.196498
-0.196498
-0.196498
-0.196498
-0.196498
-0.196498
-0.196418
-0.196225
-0.196031
-0.195838
-0.195645
-0.195452
-0.195259
-0.195065
-0.194872
-0.194679
-0.194486
-0.194293
-0.194099
-0.193906
-0.193713
-0.193520
-0.193326
-0.193133
-0.192940
-0.192747
-0.192500
-0.192113
-0.191727
-0.191340
-0.190953
-0.190567
-0.190180
-0.189793
-0.189406
-0.189020
-0.188633
-0.188246
-0.187859
-0.187473
-0.187086
-0.186699
-0.186312
-0.185926
-0.185539
-0.185152
-0.184766
-0.184379
-0.183992
-0.183605
-0.183219
-0.182832
-0.182445
-0.182058
-0.181672
-0.181285
-0.180464
-0.175367
-0.170271
-0.165174
-0.160077
-0.154981
-0.137251
-0.115267
-0.093283
-0.068466
-0.032873
0.002721
